1.931249999999999911e-01
0.000000000000000000e+00
2.909375000000000155e-01
9.174999999999999822e-01
1.000000000000000000e+00
6.503124999999999600e-01
0.000000000000000000e+00
1.874999999999999931e-03
4.406249999999999750e-02
0.000000000000000000e+00
0.000000000000000000e+00
0.000000000000000000e+00
3.965624999999999845e-01
0.000000000000000000e+00
1.178125000000000006e-01
0.000000000000000000e+00
4.165625000000000022e-01
0.000000000000000000e+00
2.537499999999999756e-01
5.546875000000000000e-01
0.000000000000000000e+00
0.000000000000000000e+00
5.937499999999999722e-02
0.000000000000000000e+00
0.000000000000000000e+00
0.000000000000000000e+00
6.718749999999999722e-02
9.190625000000000044e-01
9.262500000000000178e-01
1.000000000000000000e+00
0.000000000000000000e+00
0.000000000000000000e+00
0.000000000000000000e+00
7.187499999999999445e-02
0.000000000000000000e+00
0.000000000000000000e+00
0.000000000000000000e+00
7.031250000000000000e-02
0.000000000000000000e+00
2.812500000000000069e-02
7.375000000000000444e-01
0.000000000000000000e+00
2.700000000000000178e-01
0.000000000000000000e+00
0.000000000000000000e+00
8.971875000000000266e-01
2.468750000000000111e-02
0.000000000000000000e+00
0.000000000000000000e+00
0.000000000000000000e+00
0.000000000000000000e+00
0.000000000000000000e+00
5.606250000000000400e-01
0.000000000000000000e+00
0.000000000000000000e+00
0.000000000000000000e+00
0.000000000000000000e+00
0.000000000000000000e+00
0.000000000000000000e+00
0.000000000000000000e+00
0.000000000000000000e+00
0.000000000000000000e+00
0.000000000000000000e+00
0.000000000000000000e+00
5.228125000000000133e-01
3.800000000000000044e-01
0.000000000000000000e+00
2.315625000000000044e-01
6.750000000000000444e-02
5.865624999999999867e-01
8.746874999999999512e-01
0.000000000000000000e+00
5.328125000000000222e-01
0.000000000000000000e+00
0.000000000000000000e+00
0.000000000000000000e+00
0.000000000000000000e+00
0.000000000000000000e+00
0.000000000000000000e+00
0.000000000000000000e+00
0.000000000000000000e+00
0.000000000000000000e+00
0.000000000000000000e+00
0.000000000000000000e+00
0.000000000000000000e+00
0.000000000000000000e+00
0.000000000000000000e+00
0.000000000000000000e+00
3.606249999999999734e-01
5.350000000000000311e-01
7.737500000000000488e-01
1.000000000000000000e+00
6.790625000000000133e-01
1.090625000000000067e-01
6.312500000000000056e-02
0.000000000000000000e+00
1.000000000000000000e+00
1.000000000000000000e+00
6.740625000000000089e-01
0.000000000000000000e+00
0.000000000000000000e+00
0.000000000000000000e+00
0.000000000000000000e+00
1.250000000000000069e-02
0.000000000000000000e+00
1.062500000000000076e-02
0.000000000000000000e+00
0.000000000000000000e+00
0.000000000000000000e+00
0.000000000000000000e+00
0.000000000000000000e+00
0.000000000000000000e+00
0.000000000000000000e+00
0.000000000000000000e+00
1.000000000000000000e+00
1.000000000000000000e+00
9.721874999999999822e-01
0.000000000000000000e+00
0.000000000000000000e+00
6.287500000000000311e-01
6.431249999999999467e-01
5.878124999999999600e-01
1.146874999999999978e-01
0.000000000000000000e+00
0.000000000000000000e+00
1.265624999999999944e-01
0.000000000000000000e+00
0.000000000000000000e+00
0.000000000000000000e+00
2.306249999999999967e-01
2.731250000000000067e-01
0.000000000000000000e+00
0.000000000000000000e+00
0.000000000000000000e+00
0.000000000000000000e+00
0.000000000000000000e+00
1.593749999999999889e-01
0.000000000000000000e+00
1.646874999999999867e-01
0.000000000000000000e+00
0.000000000000000000e+00
3.156250000000000028e-02
0.000000000000000000e+00
0.000000000000000000e+00
8.112500000000000266e-01
0.000000000000000000e+00
0.000000000000000000e+00
0.000000000000000000e+00
0.000000000000000000e+00
3.843750000000000222e-01
0.000000000000000000e+00
0.000000000000000000e+00
0.000000000000000000e+00
1.031250000000000049e-02
0.000000000000000000e+00
3.090625000000000178e-01
1.000000000000000000e+00
6.662500000000000089e-01
0.000000000000000000e+00
0.000000000000000000e+00
0.000000000000000000e+00
0.000000000000000000e+00
0.000000000000000000e+00
1.443750000000000033e-01
0.000000000000000000e+00
1.312499999999999951e-02
0.000000000000000000e+00
0.000000000000000000e+00
0.000000000000000000e+00
0.000000000000000000e+00
0.000000000000000000e+00
0.000000000000000000e+00
0.000000000000000000e+00
0.000000000000000000e+00
6.187499999999999944e-02
0.000000000000000000e+00
2.931250000000000244e-01
0.000000000000000000e+00
0.000000000000000000e+00
1.000000000000000000e+00
9.828124999999999778e-01
1.000000000000000000e+00
0.000000000000000000e+00
0.000000000000000000e+00
0.000000000000000000e+00
0.000000000000000000e+00
4.093750000000000167e-02
0.000000000000000000e+00
0.000000000000000000e+00
2.781250000000000042e-02
0.000000000000000000e+00
0.000000000000000000e+00
6.250000000000000000e-01
0.000000000000000000e+00
0.000000000000000000e+00
0.000000000000000000e+00
0.000000000000000000e+00
0.000000000000000000e+00
0.000000000000000000e+00
0.000000000000000000e+00
0.000000000000000000e+00
2.600000000000000089e-01
0.000000000000000000e+00
5.625000000000000139e-02
1.000000000000000000e+00
2.099999999999999922e-01
0.000000000000000000e+00
0.000000000000000000e+00
6.031249999999999806e-02
0.000000000000000000e+00
0.000000000000000000e+00
0.000000000000000000e+00
0.000000000000000000e+00
0.000000000000000000e+00
0.000000000000000000e+00
1.978125000000000022e-01
0.000000000000000000e+00
0.000000000000000000e+00
0.000000000000000000e+00
0.000000000000000000e+00
0.000000000000000000e+00
0.000000000000000000e+00
0.000000000000000000e+00
3.125000000000000173e-03
0.000000000000000000e+00
0.000000000000000000e+00
0.000000000000000000e+00
0.000000000000000000e+00
0.000000000000000000e+00
0.000000000000000000e+00
1.146874999999999978e-01
0.000000000000000000e+00
0.000000000000000000e+00
0.000000000000000000e+00
0.000000000000000000e+00
0.000000000000000000e+00
0.000000000000000000e+00
2.331249999999999989e-01
0.000000000000000000e+00
0.000000000000000000e+00
0.000000000000000000e+00
0.000000000000000000e+00
0.000000000000000000e+00
0.000000000000000000e+00
0.000000000000000000e+00
5.762500000000000400e-01
1.018749999999999933e-01
0.000000000000000000e+00
0.000000000000000000e+00
0.000000000000000000e+00
0.000000000000000000e+00
0.000000000000000000e+00
0.000000000000000000e+00
0.000000000000000000e+00
0.000000000000000000e+00
0.000000000000000000e+00
0.000000000000000000e+00
0.000000000000000000e+00
0.000000000000000000e+00
0.000000000000000000e+00
0.000000000000000000e+00
0.000000000000000000e+00
0.000000000000000000e+00
7.312499999999999556e-02
9.124999999999999778e-01
0.000000000000000000e+00
6.459375000000000533e-01
4.875000000000000167e-02
0.000000000000000000e+00
0.000000000000000000e+00
0.000000000000000000e+00
0.000000000000000000e+00
0.000000000000000000e+00
0.000000000000000000e+00
0.000000000000000000e+00
0.000000000000000000e+00
0.000000000000000000e+00
9.124999999999999778e-02
0.000000000000000000e+00
0.000000000000000000e+00
0.000000000000000000e+00
0.000000000000000000e+00
0.000000000000000000e+00
0.000000000000000000e+00
0.000000000000000000e+00
0.000000000000000000e+00
4.568749999999999756e-01
0.000000000000000000e+00
0.000000000000000000e+00
0.000000000000000000e+00
0.000000000000000000e+00
0.000000000000000000e+00
0.000000000000000000e+00
0.000000000000000000e+00
0.000000000000000000e+00
0.000000000000000000e+00
0.000000000000000000e+00
0.000000000000000000e+00
5.374999999999999917e-02
0.000000000000000000e+00
0.000000000000000000e+00
0.000000000000000000e+00
0.000000000000000000e+00
0.000000000000000000e+00
7.281250000000000222e-02
0.000000000000000000e+00
0.000000000000000000e+00
0.000000000000000000e+00
0.000000000000000000e+00
0.000000000000000000e+00
0.000000000000000000e+00
2.406250000000000056e-02
0.000000000000000000e+00
0.000000000000000000e+00
0.000000000000000000e+00
0.000000000000000000e+00
0.000000000000000000e+00
0.000000000000000000e+00
0.000000000000000000e+00
0.000000000000000000e+00
0.000000000000000000e+00
0.000000000000000000e+00
0.000000000000000000e+00
0.000000000000000000e+00
0.000000000000000000e+00
0.000000000000000000e+00
0.000000000000000000e+00
9.249999999999999889e-02
0.000000000000000000e+00
0.000000000000000000e+00
7.531250000000000444e-01
0.000000000000000000e+00
3.793750000000000178e-01
0.000000000000000000e+00
0.000000000000000000e+00
0.000000000000000000e+00
0.000000000000000000e+00
2.993750000000000022e-01
0.000000000000000000e+00
5.596875000000000044e-01
0.000000000000000000e+00
1.834375000000000033e-01
0.000000000000000000e+00
0.000000000000000000e+00
3.718750000000000111e-01
0.000000000000000000e+00
4.428124999999999978e-01
0.000000000000000000e+00
0.000000000000000000e+00
5.521875000000000533e-01
0.000000000000000000e+00
3.615625000000000089e-01
0.000000000000000000e+00
0.000000000000000000e+00
0.000000000000000000e+00
0.000000000000000000e+00
0.000000000000000000e+00
0.000000000000000000e+00
0.000000000000000000e+00
0.000000000000000000e+00
0.000000000000000000e+00
6.078124999999999778e-01
0.000000000000000000e+00
0.000000000000000000e+00
0.000000000000000000e+00
0.000000000000000000e+00
0.000000000000000000e+00
0.000000000000000000e+00
3.937499999999999889e-01
0.000000000000000000e+00
0.000000000000000000e+00
3.303125000000000089e-01
2.634374999999999911e-01
0.000000000000000000e+00
0.000000000000000000e+00
0.000000000000000000e+00
5.953125000000000222e-01
0.000000000000000000e+00
0.000000000000000000e+00
2.187500000000000208e-03
0.000000000000000000e+00
0.000000000000000000e+00
0.000000000000000000e+00
0.000000000000000000e+00
1.556250000000000133e-01
0.000000000000000000e+00
0.000000000000000000e+00
0.000000000000000000e+00
3.749999999999999861e-03
4.221874999999999933e-01
1.112500000000000017e-01
0.000000000000000000e+00
0.000000000000000000e+00
0.000000000000000000e+00
0.000000000000000000e+00
6.843749999999999833e-02
0.000000000000000000e+00
0.000000000000000000e+00
0.000000000000000000e+00
6.306249999999999911e-01
7.950000000000000400e-01
8.353125000000000133e-01
0.000000000000000000e+00
0.000000000000000000e+00
0.000000000000000000e+00
0.000000000000000000e+00
0.000000000000000000e+00
0.000000000000000000e+00
0.000000000000000000e+00
0.000000000000000000e+00
0.000000000000000000e+00
5.815624999999999822e-01
1.940624999999999989e-01
0.000000000000000000e+00
0.000000000000000000e+00
0.000000000000000000e+00
0.000000000000000000e+00
0.000000000000000000e+00
0.000000000000000000e+00
0.000000000000000000e+00
0.000000000000000000e+00
0.000000000000000000e+00
2.587499999999999800e-01
2.031250000000000069e-02
1.000000000000000000e+00
0.000000000000000000e+00
0.000000000000000000e+00
6.415625000000000355e-01
0.000000000000000000e+00
0.000000000000000000e+00
0.000000000000000000e+00
0.000000000000000000e+00
0.000000000000000000e+00
0.000000000000000000e+00
0.000000000000000000e+00
1.000000000000000000e+00
1.000000000000000000e+00
1.000000000000000000e+00
3.387499999999999956e-01
0.000000000000000000e+00
0.000000000000000000e+00
0.000000000000000000e+00
0.000000000000000000e+00
3.334374999999999978e-01
0.000000000000000000e+00
0.000000000000000000e+00
0.000000000000000000e+00
7.009374999999999911e-01
1.000000000000000000e+00
0.000000000000000000e+00
0.000000000000000000e+00
8.337499999999999911e-01
1.000000000000000000e+00
0.000000000000000000e+00
5.490625000000000089e-01
0.000000000000000000e+00
0.000000000000000000e+00
0.000000000000000000e+00
6.490624999999999867e-01
9.050000000000000266e-01
6.196874999999999467e-01
8.615625000000000089e-01
4.853124999999999800e-01
0.000000000000000000e+00
0.000000000000000000e+00
0.000000000000000000e+00
0.000000000000000000e+00
0.000000000000000000e+00
0.000000000000000000e+00
0.000000000000000000e+00
5.000000000000000104e-03
0.000000000000000000e+00
7.868749999999999911e-01
1.984374999999999889e-01
5.118749999999999689e-01
1.593749999999999889e-01
1.000000000000000000e+00
0.000000000000000000e+00
0.000000000000000000e+00
0.000000000000000000e+00
3.624999999999999750e-02
0.000000000000000000e+00
0.000000000000000000e+00
2.765624999999999889e-01
1.000000000000000000e+00
3.459375000000000089e-01
0.000000000000000000e+00
0.000000000000000000e+00
0.000000000000000000e+00
0.000000000000000000e+00
0.000000000000000000e+00
0.000000000000000000e+00
0.000000000000000000e+00
0.000000000000000000e+00
1.218749999999999972e-01
0.000000000000000000e+00
1.000000000000000000e+00
6.512499999999999956e-01
0.000000000000000000e+00
0.000000000000000000e+00
1.000000000000000000e+00
0.000000000000000000e+00
0.000000000000000000e+00
0.000000000000000000e+00
1.737499999999999878e-01
0.000000000000000000e+00
3.125000000000000065e-04
1.499999999999999944e-02
0.000000000000000000e+00
0.000000000000000000e+00
2.115624999999999867e-01
0.000000000000000000e+00
0.000000000000000000e+00
0.000000000000000000e+00
1.675000000000000100e-01
0.000000000000000000e+00
0.000000000000000000e+00
0.000000000000000000e+00
0.000000000000000000e+00
0.000000000000000000e+00
0.000000000000000000e+00
0.000000000000000000e+00
1.703125000000000056e-01
7.596874999999999600e-01
1.000000000000000000e+00
0.000000000000000000e+00
0.000000000000000000e+00
0.000000000000000000e+00
0.000000000000000000e+00
0.000000000000000000e+00
0.000000000000000000e+00
0.000000000000000000e+00
0.000000000000000000e+00
0.000000000000000000e+00
5.562500000000000083e-02
0.000000000000000000e+00
0.000000000000000000e+00
5.093749999999999667e-02
0.000000000000000000e+00
1.724999999999999867e-01
0.000000000000000000e+00
1.671874999999999889e-01
0.000000000000000000e+00
0.000000000000000000e+00
0.000000000000000000e+00
0.000000000000000000e+00
0.000000000000000000e+00
0.000000000000000000e+00
0.000000000000000000e+00
0.000000000000000000e+00
0.000000000000000000e+00
0.000000000000000000e+00
0.000000000000000000e+00
0.000000000000000000e+00
0.000000000000000000e+00
0.000000000000000000e+00
0.000000000000000000e+00
1.015625000000000000e-01
0.000000000000000000e+00
0.000000000000000000e+00
0.000000000000000000e+00
0.000000000000000000e+00
0.000000000000000000e+00
0.000000000000000000e+00
0.000000000000000000e+00
3.156250000000000028e-02
0.000000000000000000e+00
0.000000000000000000e+00
9.031250000000000389e-02
0.000000000000000000e+00
0.000000000000000000e+00
0.000000000000000000e+00
0.000000000000000000e+00
9.406249999999999334e-02
0.000000000000000000e+00
0.000000000000000000e+00
