0.000000000000000000e+00
0.000000000000000000e+00
2.321874999999999911e-01
8.146875000000000089e-01
8.821875000000000133e-01
8.137499999999999734e-01
7.434374999999999734e-01
6.324999999999999512e-01
9.290625000000000133e-01
5.931250000000000133e-01
5.890625000000000444e-01
2.868749999999999911e-01
5.637499999999999734e-01
6.537500000000000533e-01
7.653124999999999512e-01
6.878125000000000488e-01
5.331249999999999600e-01
2.478124999999999911e-01
1.000000000000000000e+00
2.593749999999999875e-02
9.812500000000000389e-02
0.000000000000000000e+00
3.303125000000000089e-01
8.093749999999999556e-01
7.346875000000000488e-01
0.000000000000000000e+00
7.059374999999999956e-01
9.134375000000000133e-01
6.421875000000000222e-01
5.321875000000000355e-01
4.215625000000000067e-01
7.228124999999999689e-01
8.559375000000000178e-01
8.546875000000000444e-01
4.875000000000000167e-02
1.081249999999999989e-01
4.353124999999999911e-01
7.237500000000000044e-01
1.774999999999999911e-01
7.965624999999999512e-01
0.000000000000000000e+00
2.874999999999999778e-01
3.006249999999999756e-01
0.000000000000000000e+00
7.512499999999999734e-01
1.281249999999999924e-02
7.043749999999999734e-01
4.971875000000000044e-01
0.000000000000000000e+00
0.000000000000000000e+00
3.906250000000000000e-02
7.693750000000000311e-01
5.578125000000000444e-01
0.000000000000000000e+00
0.000000000000000000e+00
3.346875000000000266e-01
0.000000000000000000e+00
0.000000000000000000e+00
4.156250000000000222e-02
3.137499999999999734e-01
0.000000000000000000e+00
1.296875000000000111e-01
1.062499999999999972e-01
0.000000000000000000e+00
7.425000000000000488e-01
1.878124999999999933e-01
4.593749999999999778e-01
8.090625000000000178e-01
3.549999999999999822e-01
6.043749999999999956e-01
0.000000000000000000e+00
4.609375000000000000e-01
6.571875000000000355e-01
5.750000000000000250e-02
0.000000000000000000e+00
0.000000000000000000e+00
0.000000000000000000e+00
0.000000000000000000e+00
0.000000000000000000e+00
6.603124999999999689e-01
2.784375000000000044e-01
9.562500000000000167e-02
3.818750000000000200e-01
1.199999999999999956e-01
8.699999999999999956e-01
6.712500000000000133e-01
5.031250000000000444e-01
6.731249999999999734e-01
6.646874999999999867e-01
1.250000000000000000e-01
9.221875000000000488e-01
9.003124999999999600e-01
5.759374999999999911e-01
3.403125000000000178e-01
0.000000000000000000e+00
4.178124999999999756e-01
7.381250000000000311e-01
1.000000000000000000e+00
8.696874999999999467e-01
0.000000000000000000e+00
0.000000000000000000e+00
0.000000000000000000e+00
0.000000000000000000e+00
1.687500000000000111e-02
0.000000000000000000e+00
3.831249999999999933e-01
0.000000000000000000e+00
9.062499999999999375e-03
6.237500000000000266e-01
2.275000000000000078e-01
1.584375000000000089e-01
7.365625000000000089e-01
0.000000000000000000e+00
8.915625000000000355e-01
7.106249999999999512e-01
1.000000000000000000e+00
9.481249999999999956e-01
4.406249999999999889e-01
7.924999999999999822e-01
1.556250000000000133e-01
6.503124999999999600e-01
3.965624999999999845e-01
1.265624999999999944e-01
0.000000000000000000e+00
2.412499999999999922e-01
0.000000000000000000e+00
8.309374999999999956e-01
8.034375000000000266e-01
0.000000000000000000e+00
2.893749999999999933e-01
2.849999999999999756e-01
4.290625000000000133e-01
6.340624999999999734e-01
1.000000000000000000e+00
0.000000000000000000e+00
0.000000000000000000e+00
1.415625000000000078e-01
8.874999999999999556e-02
1.571875000000000078e-01
0.000000000000000000e+00
0.000000000000000000e+00
4.246874999999999956e-01
3.134374999999999800e-01
6.581249999999999600e-01
2.356250000000000011e-01
8.484374999999999556e-01
3.565625000000000044e-01
0.000000000000000000e+00
5.443750000000000533e-01
4.040624999999999911e-01
1.915624999999999967e-01
1.206249999999999961e-01
2.012500000000000122e-01
3.321875000000000244e-01
4.871874999999999956e-01
2.768749999999999822e-01
9.625000000000000222e-01
2.009374999999999911e-01
0.000000000000000000e+00
0.000000000000000000e+00
0.000000000000000000e+00
0.000000000000000000e+00
0.000000000000000000e+00
1.506250000000000089e-01
0.000000000000000000e+00
1.625000000000000056e-02
4.249999999999999889e-01
6.615625000000000533e-01
8.290625000000000355e-01
6.949999999999999512e-01
9.937500000000000222e-01
2.443750000000000089e-01
0.000000000000000000e+00
5.218749999999999778e-01
6.781249999999999778e-02
0.000000000000000000e+00
4.381249999999999867e-01
3.093749999999999972e-02
2.206249999999999878e-01
7.803124999999999645e-01
5.037500000000000311e-01
1.000000000000000000e+00
1.562500000000000000e-01
0.000000000000000000e+00
9.253124999999999822e-01
6.621875000000000400e-01
2.468750000000000111e-01
2.093750000000000125e-02
1.287500000000000033e-01
2.803125000000000200e-01
2.559374999999999845e-01
2.821874999999999800e-01
8.918749999999999734e-01
3.975000000000000200e-01
9.350000000000000533e-01
0.000000000000000000e+00
1.912500000000000033e-01
5.559374999999999734e-01
0.000000000000000000e+00
0.000000000000000000e+00
0.000000000000000000e+00
5.762500000000000400e-01
5.625000000000000139e-02
4.084375000000000089e-01
9.425000000000000044e-01
4.759375000000000133e-01
4.437499999999999778e-01
3.500000000000000333e-02
7.646874999999999645e-01
6.481249999999999512e-01
1.246875000000000067e-01
0.000000000000000000e+00
0.000000000000000000e+00
0.000000000000000000e+00
2.231249999999999900e-01
1.000000000000000000e+00
3.415624999999999911e-01
2.456250000000000100e-01
0.000000000000000000e+00
0.000000000000000000e+00
3.437500000000000278e-02
2.181250000000000133e-01
7.046875000000000222e-01
4.937500000000000222e-02
5.287500000000000533e-01
4.471875000000000155e-01
7.293749999999999956e-01
0.000000000000000000e+00
2.246875000000000122e-01
5.000000000000000104e-03
1.206249999999999961e-01
3.362499999999999933e-01
3.993749999999999800e-01
7.143749999999999822e-01
0.000000000000000000e+00
0.000000000000000000e+00
0.000000000000000000e+00
0.000000000000000000e+00
5.968749999999999750e-02
4.278124999999999845e-01
4.815625000000000044e-01
6.612500000000000044e-01
3.331250000000000044e-01
0.000000000000000000e+00
3.171875000000000111e-01
6.462499999999999911e-01
1.074999999999999983e-01
4.912500000000000200e-01
1.678125000000000033e-01
9.150000000000000355e-01
3.681249999999999800e-01
4.846874999999999933e-01
0.000000000000000000e+00
1.575000000000000011e-01
5.906249999999999556e-01
0.000000000000000000e+00
7.368749999999999467e-01
3.493749999999999911e-01
4.165625000000000022e-01
7.000000000000000666e-02
4.009375000000000022e-01
0.000000000000000000e+00
6.162499999999999645e-01
1.912500000000000033e-01
3.562500000000000111e-01
2.403125000000000122e-01
4.940625000000000155e-01
5.228125000000000133e-01
6.062499999999999833e-02
0.000000000000000000e+00
3.287499999999999867e-01
0.000000000000000000e+00
0.000000000000000000e+00
0.000000000000000000e+00
1.874999999999999931e-02
0.000000000000000000e+00
3.468750000000000305e-02
1.287500000000000033e-01
9.062499999999999722e-02
7.075000000000000178e-01
2.303125000000000033e-01
4.568749999999999756e-01
2.228124999999999967e-01
5.812500000000000305e-02
0.000000000000000000e+00
5.068749999999999645e-01
6.171875000000000000e-01
4.737500000000000044e-01
5.450000000000000400e-01
3.137499999999999734e-01
4.281250000000000333e-02
0.000000000000000000e+00
1.740625000000000089e-01
8.356249999999999512e-01
0.000000000000000000e+00
0.000000000000000000e+00
0.000000000000000000e+00
0.000000000000000000e+00
5.874999999999999667e-02
0.000000000000000000e+00
0.000000000000000000e+00
7.362499999999999600e-01
8.378124999999999600e-01
9.753125000000000266e-01
0.000000000000000000e+00
2.181250000000000133e-01
3.890624999999999778e-01
0.000000000000000000e+00
0.000000000000000000e+00
0.000000000000000000e+00
5.340624999999999956e-01
1.000000000000000000e+00
2.784375000000000044e-01
0.000000000000000000e+00
1.821875000000000022e-01
1.365625000000000033e-01
8.999999999999999667e-02
0.000000000000000000e+00
4.656249999999999972e-02
1.978125000000000022e-01
0.000000000000000000e+00
0.000000000000000000e+00
0.000000000000000000e+00
0.000000000000000000e+00
4.940625000000000155e-01
0.000000000000000000e+00
0.000000000000000000e+00
4.428124999999999978e-01
0.000000000000000000e+00
5.296874999999999778e-01
1.000000000000000000e+00
0.000000000000000000e+00
1.000000000000000000e+00
0.000000000000000000e+00
0.000000000000000000e+00
5.593749999999999556e-01
4.584374999999999978e-01
2.303125000000000033e-01
0.000000000000000000e+00
6.315625000000000266e-01
3.437500000000000000e-01
2.206249999999999878e-01
6.750000000000000444e-02
6.800000000000000488e-01
7.768749999999999822e-01
3.381250000000000089e-01
6.256249999999999867e-01
3.843750000000000222e-01
5.709374999999999867e-01
1.724999999999999867e-01
5.590625000000000178e-01
7.446874999999999467e-01
0.000000000000000000e+00
0.000000000000000000e+00
0.000000000000000000e+00
6.353124999999999467e-01
0.000000000000000000e+00
0.000000000000000000e+00
1.596875000000000100e-01
0.000000000000000000e+00
5.359374999999999556e-01
3.325000000000000178e-01
0.000000000000000000e+00
1.728125000000000078e-01
1.206249999999999961e-01
4.153124999999999734e-01
0.000000000000000000e+00
0.000000000000000000e+00
0.000000000000000000e+00
2.428124999999999867e-01
0.000000000000000000e+00
5.028124999999999956e-01
1.000000000000000000e+00
1.199999999999999956e-01
0.000000000000000000e+00
2.853125000000000244e-01
0.000000000000000000e+00
0.000000000000000000e+00
4.659375000000000044e-01
0.000000000000000000e+00
0.000000000000000000e+00
3.178124999999999978e-01
3.315624999999999822e-01
0.000000000000000000e+00
7.496874999999999512e-01
0.000000000000000000e+00
2.750000000000000222e-01
2.124999999999999944e-01
8.531249999999999944e-02
4.509374999999999911e-01
2.753125000000000155e-01
7.284374999999999600e-01
5.193750000000000311e-01
1.259375000000000078e-01
2.187499999999999861e-02
7.468750000000000389e-02
0.000000000000000000e+00
0.000000000000000000e+00
0.000000000000000000e+00
1.000000000000000000e+00
6.334374999999999867e-01
1.000000000000000000e+00
0.000000000000000000e+00
0.000000000000000000e+00
0.000000000000000000e+00
1.678125000000000033e-01
0.000000000000000000e+00
0.000000000000000000e+00
8.959375000000000533e-01
3.337499999999999911e-01
8.659375000000000266e-01
9.465624999999999734e-01
1.000000000000000000e+00
0.000000000000000000e+00
0.000000000000000000e+00
0.000000000000000000e+00
6.403124999999999512e-01
8.978125000000000133e-01
4.590624999999999845e-01
0.000000000000000000e+00
2.725000000000000200e-01
0.000000000000000000e+00
6.409375000000000488e-01
3.874999999999999972e-02
1.000000000000000000e+00
3.312499999999999889e-01
3.103124999999999911e-01
3.053124999999999867e-01
5.249999999999999806e-02
7.475000000000000533e-01
0.000000000000000000e+00
0.000000000000000000e+00
2.331249999999999989e-01
2.474999999999999978e-01
3.215624999999999734e-01
5.068749999999999645e-01
5.090624999999999734e-01
8.703125000000000444e-01
2.253124999999999989e-01
6.875000000000000555e-02
0.000000000000000000e+00
3.821875000000000133e-01
2.099999999999999922e-01
5.356250000000000178e-01
1.046875000000000028e-01
0.000000000000000000e+00
3.915624999999999800e-01
5.409374999999999600e-01
1.000000000000000000e+00
1.431250000000000022e-01
0.000000000000000000e+00
9.953125000000000444e-01
1.000000000000000000e+00
0.000000000000000000e+00
2.612499999999999822e-01
0.000000000000000000e+00
6.006249999999999645e-01
6.412499999999999867e-01
3.721875000000000044e-01
3.699999999999999956e-01
6.256249999999999867e-01
7.315625000000000044e-01
0.000000000000000000e+00
0.000000000000000000e+00
3.834374999999999867e-01
0.000000000000000000e+00
9.124999999999999778e-02
4.237500000000000155e-01
8.593750000000000000e-02
2.993750000000000022e-01
9.656249999999999556e-02
5.893749999999999822e-01
8.590624999999999512e-01
4.053125000000000200e-01
0.000000000000000000e+00
7.303125000000000311e-01
1.000000000000000000e+00
0.000000000000000000e+00
0.000000000000000000e+00
0.000000000000000000e+00
5.474999999999999867e-01
4.209375000000000200e-01
9.656249999999999556e-01
5.781250000000000000e-01
6.562500000000000000e-01
6.456250000000000044e-01
4.084375000000000089e-01
0.000000000000000000e+00
2.078125000000000111e-01
0.000000000000000000e+00
0.000000000000000000e+00
0.000000000000000000e+00
1.549999999999999989e-01
5.140624999999999778e-01
5.593750000000000111e-02
2.575000000000000067e-01
9.346875000000000044e-01
1.000000000000000000e+00
0.000000000000000000e+00
0.000000000000000000e+00
1.000000000000000000e+00
0.000000000000000000e+00
0.000000000000000000e+00
0.000000000000000000e+00
5.718750000000000222e-01
6.709374999999999645e-01
5.293750000000000400e-01
7.456249999999999822e-01
6.078124999999999778e-01
7.703124999999999556e-01
6.253125000000000488e-01
0.000000000000000000e+00
0.000000000000000000e+00
0.000000000000000000e+00
0.000000000000000000e+00
6.374999999999999556e-01
1.000000000000000000e+00
1.806250000000000078e-01
2.149999999999999967e-01
0.000000000000000000e+00
2.000000000000000042e-02
0.000000000000000000e+00
1.774999999999999911e-01
1.000000000000000000e+00
1.000000000000000000e+00
0.000000000000000000e+00
0.000000000000000000e+00
0.000000000000000000e+00
2.912500000000000089e-01
1.028125000000000011e-01
5.600000000000000533e-01
7.753124999999999600e-01
6.278124999999999956e-01
5.193750000000000311e-01
3.581250000000000266e-01
0.000000000000000000e+00
0.000000000000000000e+00
0.000000000000000000e+00
0.000000000000000000e+00
1.796875000000000000e-01
5.328125000000000222e-01
3.150000000000000022e-01
0.000000000000000000e+00
0.000000000000000000e+00
0.000000000000000000e+00
0.000000000000000000e+00
0.000000000000000000e+00
0.000000000000000000e+00
0.000000000000000000e+00
0.000000000000000000e+00
0.000000000000000000e+00
0.000000000000000000e+00
6.634375000000000133e-01
1.309375000000000122e-01
2.675000000000000155e-01
5.443750000000000533e-01
2.843749999999999889e-01
2.571875000000000133e-01
0.000000000000000000e+00
0.000000000000000000e+00
3.196875000000000133e-01
5.159375000000000488e-01
7.190625000000000488e-01
0.000000000000000000e+00
1.546875000000000056e-01
4.181250000000000244e-01
1.193749999999999950e-01
0.000000000000000000e+00
7.499999999999999722e-03
0.000000000000000000e+00
0.000000000000000000e+00
0.000000000000000000e+00
0.000000000000000000e+00
0.000000000000000000e+00
0.000000000000000000e+00
0.000000000000000000e+00
