2.653671811977016546e+02
2.653671811977016546e+02
2.653671811977016546e+02
2.653671811977016546e+02
2.653671811977016546e+02
2.653671811977016546e+02
2.653671811977016546e+02
2.653671811977016546e+02
2.653671811977016546e+02
2.520987725719204775e+02
2.520987725719204775e+02
2.520987725719204775e+02
2.520987725719204775e+02
2.394937843774282555e+02
2.394937843774282555e+02
2.275190455926606603e+02
2.275190455926606603e+02
2.275190455926606603e+02
2.275190455926606603e+02
2.161430437471314576e+02
2.161430437471314576e+02
2.161430437471314576e+02
2.053358419938788018e+02
2.053358419938788018e+02
2.053358419938788018e+02
1.950690003282886948e+02
1.950690003282886948e+02
1.853155007459780848e+02
1.853155007459780848e+02
1.853155007459780848e+02
1.853155007459780848e+02
1.760496761427830279e+02
1.760496761427830279e+02
1.760496761427830279e+02
1.760496761427830279e+02
1.672471427697477395e+02
1.672471427697477395e+02
1.588847360653641658e+02
1.588847360653641658e+02
1.509404496961998348e+02
1.509404496961998348e+02
2.653671811977016546e+02
2.653671811977016546e+02
2.653671811977016546e+02
2.653671811977016546e+02
2.653671811977016546e+02
2.653671811977016546e+02
2.653671811977016546e+02
2.653671811977016546e+02
2.653671811977016546e+02
2.653671811977016546e+02
2.520987725719204775e+02
2.520987725719204775e+02
2.520987725719204775e+02
2.394937843774282555e+02
2.394937843774282555e+02
2.275190455926606603e+02
2.275190455926606603e+02
2.275190455926606603e+02
2.275190455926606603e+02
2.161430437471314576e+02
2.161430437471314576e+02
2.161430437471314576e+02
2.053358419938788018e+02
2.053358419938788018e+02
2.053358419938788018e+02
1.950690003282886948e+02
1.950690003282886948e+02
1.853155007459780848e+02
1.853155007459780848e+02
1.853155007459780848e+02
1.853155007459780848e+02
1.760496761427830279e+02
1.760496761427830279e+02
1.760496761427830279e+02
1.760496761427830279e+02
1.672471427697477395e+02
1.672471427697477395e+02
1.588847360653641658e+02
1.588847360653641658e+02
1.509404496961998348e+02
1.509404496961998348e+02
2.793339271195766287e+02
2.793339271195766287e+02
2.793339271195766287e+02
2.793339271195766287e+02
2.793339271195766287e+02
2.793339271195766287e+02
2.793339271195766287e+02
2.653671811977016546e+02
2.653671811977016546e+02
2.653671811977016546e+02
2.653671811977016546e+02
2.520987725719204775e+02
2.520987725719204775e+02
2.520987725719204775e+02
2.394937843774282555e+02
2.394937843774282555e+02
2.394937843774282555e+02
2.275190455926606603e+02
2.275190455926606603e+02
2.275190455926606603e+02
2.275190455926606603e+02
2.161430437471314576e+02
2.161430437471314576e+02
2.053358419938788018e+02
2.053358419938788018e+02
2.053358419938788018e+02
1.950690003282886948e+02
1.950690003282886948e+02
1.950690003282886948e+02
1.853155007459780848e+02
1.853155007459780848e+02
1.853155007459780848e+02
1.853155007459780848e+02
1.760496761427830279e+02
1.760496761427830279e+02
1.672471427697477395e+02
1.672471427697477395e+02
1.588847360653641658e+02
1.588847360653641658e+02
1.509404496961998348e+02
1.509404496961998348e+02
2.793339271195766287e+02
2.793339271195766287e+02
2.793339271195766287e+02
2.793339271195766287e+02
2.793339271195766287e+02
2.793339271195766287e+02
2.793339271195766287e+02
2.793339271195766287e+02
2.793339271195766287e+02
2.793339271195766287e+02
2.653671811977016546e+02
2.653671811977016546e+02
2.653671811977016546e+02
2.520987725719204775e+02
2.520987725719204775e+02
2.394937843774282555e+02
2.394937843774282555e+02
2.394937843774282555e+02
2.394937843774282555e+02
2.275190455926606603e+02
2.275190455926606603e+02
2.275190455926606603e+02
2.161430437471314576e+02
2.161430437471314576e+02
2.161430437471314576e+02
2.053358419938788018e+02
2.053358419938788018e+02
1.950690003282886948e+02
1.950690003282886948e+02
1.950690003282886948e+02
1.950690003282886948e+02
1.853155007459780848e+02
1.853155007459780848e+02
1.760496761427830279e+02
1.760496761427830279e+02
1.672471427697477395e+02
1.672471427697477395e+02
1.588847360653641658e+02
1.588847360653641658e+02
1.509404496961998348e+02
1.509404496961998348e+02
2.940357649320766882e+02
2.940357649320766882e+02
2.940357649320766882e+02
2.940357649320766882e+02
2.940357649320766882e+02
2.940357649320766882e+02
2.940357649320766882e+02
2.793339271195766287e+02
2.793339271195766287e+02
2.793339271195766287e+02
2.793339271195766287e+02
2.653671811977016546e+02
2.653671811977016546e+02
2.653671811977016546e+02
2.520987725719204775e+02
2.520987725719204775e+02
2.520987725719204775e+02
2.394937843774282555e+02
2.394937843774282555e+02
2.394937843774282555e+02
2.394937843774282555e+02
2.275190455926606603e+02
2.275190455926606603e+02
2.161430437471314576e+02
2.161430437471314576e+02
2.161430437471314576e+02
2.053358419938788018e+02
2.053358419938788018e+02
2.053358419938788018e+02
1.950690003282886948e+02
1.950690003282886948e+02
1.853155007459780848e+02
1.853155007459780848e+02
1.760496761427830279e+02
1.760496761427830279e+02
1.672471427697477395e+02
1.672471427697477395e+02
1.588847360653641658e+02
1.588847360653641658e+02
1.509404496961998348e+02
1.509404496961998348e+02
2.940357649320766882e+02
2.940357649320766882e+02
2.940357649320766882e+02
2.940357649320766882e+02
2.940357649320766882e+02
2.940357649320766882e+02
2.940357649320766882e+02
2.940357649320766882e+02
2.940357649320766882e+02
2.793339271195766287e+02
2.793339271195766287e+02
2.653671811977016546e+02
2.653671811977016546e+02
2.653671811977016546e+02
2.520987725719204775e+02
2.520987725719204775e+02
2.520987725719204775e+02
2.394937843774282555e+02
2.394937843774282555e+02
2.394937843774282555e+02
2.394937843774282555e+02
2.275190455926606603e+02
2.275190455926606603e+02
2.161430437471314576e+02
2.161430437471314576e+02
2.161430437471314576e+02
2.053358419938788018e+02
2.053358419938788018e+02
2.053358419938788018e+02
1.950690003282886948e+02
1.950690003282886948e+02
1.853155007459780848e+02
1.853155007459780848e+02
1.760496761427830279e+02
1.760496761427830279e+02
1.672471427697477395e+02
1.672471427697477395e+02
1.588847360653641658e+02
1.588847360653641658e+02
1.509404496961998348e+02
1.509404496961998348e+02
3.095113836820766551e+02
3.095113836820766551e+02
3.095113836820766551e+02
3.095113836820766551e+02
3.095113836820766551e+02
3.095113836820766551e+02
2.940357649320766882e+02
2.940357649320766882e+02
2.940357649320766882e+02
2.940357649320766882e+02
2.793339271195766287e+02
2.793339271195766287e+02
2.793339271195766287e+02
2.653671811977016546e+02
2.653671811977016546e+02
2.520987725719204775e+02
2.520987725719204775e+02
2.520987725719204775e+02
2.520987725719204775e+02
2.394937843774282555e+02
2.394937843774282555e+02
2.394937843774282555e+02
2.275190455926606603e+02
2.275190455926606603e+02
2.275190455926606603e+02
2.161430437471314576e+02
2.161430437471314576e+02
2.053358419938788018e+02
2.053358419938788018e+02
1.950690003282886948e+02
1.950690003282886948e+02
1.853155007459780848e+02
1.853155007459780848e+02
1.760496761427830279e+02
1.760496761427830279e+02
1.672471427697477395e+02
1.672471427697477395e+02
1.588847360653641658e+02
1.588847360653641658e+02
1.509404496961998348e+02
1.509404496961998348e+02
3.095113836820766551e+02
3.095113836820766551e+02
3.095113836820766551e+02
3.095113836820766551e+02
3.095113836820766551e+02
3.095113836820766551e+02
3.095113836820766551e+02
3.095113836820766551e+02
3.095113836820766551e+02
2.940357649320766882e+02
2.940357649320766882e+02
2.793339271195766287e+02
2.793339271195766287e+02
2.793339271195766287e+02
2.653671811977016546e+02
2.653671811977016546e+02
2.653671811977016546e+02
2.520987725719204775e+02
2.520987725719204775e+02
2.520987725719204775e+02
2.520987725719204775e+02
2.394937843774282555e+02
2.394937843774282555e+02
2.275190455926606603e+02
2.275190455926606603e+02
2.161430437471314576e+02
2.161430437471314576e+02
2.053358419938788018e+02
2.053358419938788018e+02
1.950690003282886948e+02
1.950690003282886948e+02
1.853155007459780848e+02
1.853155007459780848e+02
1.760496761427830279e+02
1.760496761427830279e+02
1.672471427697477395e+02
1.672471427697477395e+02
1.588847360653641658e+02
1.588847360653641658e+02
1.509404496961998348e+02
1.509404496961998348e+02
3.258015086820766442e+02
3.258015086820766442e+02
3.258015086820766442e+02
3.258015086820766442e+02
3.258015086820766442e+02
3.258015086820766442e+02
3.095113836820766551e+02
3.095113836820766551e+02
3.095113836820766551e+02
3.095113836820766551e+02
2.940357649320766882e+02
2.940357649320766882e+02
2.940357649320766882e+02
2.793339271195766287e+02
2.793339271195766287e+02
2.653671811977016546e+02
2.653671811977016546e+02
2.653671811977016546e+02
2.653671811977016546e+02
2.520987725719204775e+02
2.520987725719204775e+02
2.394937843774282555e+02
2.394937843774282555e+02
2.275190455926606603e+02
2.275190455926606603e+02
2.161430437471314576e+02
2.161430437471314576e+02
2.053358419938788018e+02
2.053358419938788018e+02
1.950690003282886948e+02
1.950690003282886948e+02
1.853155007459780848e+02
1.853155007459780848e+02
1.760496761427830279e+02
1.760496761427830279e+02
1.672471427697477395e+02
1.672471427697477395e+02
1.588847360653641658e+02
1.588847360653641658e+02
1.509404496961998348e+02
1.509404496961998348e+02
3.258015086820766442e+02
3.258015086820766442e+02
3.258015086820766442e+02
3.258015086820766442e+02
3.258015086820766442e+02
3.258015086820766442e+02
3.258015086820766442e+02
3.095113836820766551e+02
3.095113836820766551e+02
3.095113836820766551e+02
2.940357649320766882e+02
2.940357649320766882e+02
2.940357649320766882e+02
2.793339271195766287e+02
2.793339271195766287e+02
2.653671811977016546e+02
2.653671811977016546e+02
2.653671811977016546e+02
2.653671811977016546e+02
2.520987725719204775e+02
2.520987725719204775e+02
2.394937843774282555e+02
2.394937843774282555e+02
2.275190455926606603e+02
2.275190455926606603e+02
2.161430437471314576e+02
2.161430437471314576e+02
2.053358419938788018e+02
2.053358419938788018e+02
1.950690003282886948e+02
1.950690003282886948e+02
1.853155007459780848e+02
1.853155007459780848e+02
1.760496761427830279e+02
1.760496761427830279e+02
1.672471427697477395e+02
1.672471427697477395e+02
1.588847360653641658e+02
1.588847360653641658e+02
1.509404496961998348e+02
1.509404496961998348e+02
3.429490086820766237e+02
3.429490086820766237e+02
3.429490086820766237e+02
3.429490086820766237e+02
3.429490086820766237e+02
3.258015086820766442e+02
3.258015086820766442e+02
3.258015086820766442e+02
3.258015086820766442e+02
3.095113836820766551e+02
3.095113836820766551e+02
2.940357649320766882e+02
2.940357649320766882e+02
2.940357649320766882e+02
2.793339271195766287e+02
2.793339271195766287e+02
2.793339271195766287e+02
2.653671811977016546e+02
2.653671811977016546e+02
2.520987725719204775e+02
2.520987725719204775e+02
2.394937843774282555e+02
2.394937843774282555e+02
2.275190455926606603e+02
2.275190455926606603e+02
2.161430437471314576e+02
2.161430437471314576e+02
2.053358419938788018e+02
2.053358419938788018e+02
1.950690003282886948e+02
1.950690003282886948e+02
1.853155007459780848e+02
1.853155007459780848e+02
1.760496761427830279e+02
1.760496761427830279e+02
1.672471427697477395e+02
1.672471427697477395e+02
1.588847360653641658e+02
1.588847360653641658e+02
1.509404496961998348e+02
1.509404496961998348e+02
3.429490086820766237e+02
3.429490086820766237e+02
3.429490086820766237e+02
3.429490086820766237e+02
3.429490086820766237e+02
3.429490086820766237e+02
3.429490086820766237e+02
3.258015086820766442e+02
3.258015086820766442e+02
3.258015086820766442e+02
3.095113836820766551e+02
3.095113836820766551e+02
3.095113836820766551e+02
2.940357649320766882e+02
2.940357649320766882e+02
2.793339271195766287e+02
2.793339271195766287e+02
2.653671811977016546e+02
2.653671811977016546e+02
2.520987725719204775e+02
2.520987725719204775e+02
2.394937843774282555e+02
2.394937843774282555e+02
2.275190455926606603e+02
2.275190455926606603e+02
2.161430437471314576e+02
2.161430437471314576e+02
2.053358419938788018e+02
2.053358419938788018e+02
1.950690003282886948e+02
1.950690003282886948e+02
1.853155007459780848e+02
1.853155007459780848e+02
1.760496761427830279e+02
1.760496761427830279e+02
1.672471427697477395e+02
1.672471427697477395e+02
1.588847360653641658e+02
1.588847360653641658e+02
1.509404496961998348e+02
1.509404496961998348e+02
3.609990086820765782e+02
3.609990086820765782e+02
3.609990086820765782e+02
3.609990086820765782e+02
3.609990086820765782e+02
3.429490086820766237e+02
3.429490086820766237e+02
3.429490086820766237e+02
3.429490086820766237e+02
3.258015086820766442e+02
3.258015086820766442e+02
3.095113836820766551e+02
3.095113836820766551e+02
3.095113836820766551e+02
2.940357649320766882e+02
2.940357649320766882e+02
2.793339271195766287e+02
2.793339271195766287e+02
2.553671811977016546e+02
2.553671811977016546e+02
2.420987725719204775e+02
2.325987725719204775e+02
2.199937843774282555e+02
2.175190455926606603e+02
2.275190455926606603e+02
2.161430437471314576e+02
2.161430437471314576e+02
2.053358419938788018e+02
2.053358419938788018e+02
1.950690003282886948e+02
1.950690003282886948e+02
1.853155007459780848e+02
1.853155007459780848e+02
1.760496761427830279e+02
1.760496761427830279e+02
1.672471427697477395e+02
1.672471427697477395e+02
1.588847360653641658e+02
1.588847360653641658e+02
1.509404496961998348e+02
1.509404496961998348e+02
3.609990086820765782e+02
3.609990086820765782e+02
3.609990086820765782e+02
3.609990086820765782e+02
3.609990086820765782e+02
3.609990086820765782e+02
3.429490086820766237e+02
3.429490086820766237e+02
3.429490086820766237e+02
3.258015086820766442e+02
3.258015086820766442e+02
3.095113836820766551e+02
3.095113836820766551e+02
3.095113836820766551e+02
2.940357649320766882e+02
2.940357649320766882e+02
2.793339271195766287e+02
2.693339271195766287e+02
2.553671811977016546e+02
2.458671811977016546e+02
2.420987725719204775e+02
2.294937843774282555e+02
2.199937843774282555e+02
2.175190455926606603e+02
2.175190455926606603e+02
2.061430437471314576e+02
2.066430437471314576e+02
2.053358419938788018e+02
2.053358419938788018e+02
1.950690003282886948e+02
1.950690003282886948e+02
1.853155007459780848e+02
1.853155007459780848e+02
1.760496761427830279e+02
1.760496761427830279e+02
1.672471427697477395e+02
1.672471427697477395e+02
1.588847360653641658e+02
1.588847360653641658e+02
1.509404496961998348e+02
1.509404496961998348e+02
3.799990086820765782e+02
3.799990086820765782e+02
3.799990086820765782e+02
3.609990086820765782e+02
3.609990086820765782e+02
3.609990086820765782e+02
3.609990086820765782e+02
3.429490086820766237e+02
3.429490086820766237e+02
3.429490086820766237e+02
3.258015086820766442e+02
3.258015086820766442e+02
3.095113836820766551e+02
3.095113836820766551e+02
2.940357649320766882e+02
2.840357649320766882e+02
2.745357649320766882e+02
2.598339271195766287e+02
2.553671811977016546e+02
2.368421811977016489e+02
2.325987725719204775e+02
2.235737725719204434e+02
2.109687843774282499e+02
2.023950343774282601e+02
2.061430437471314576e+02
1.966430437471314576e+02
1.953358419938788018e+02
1.963108419938788245e+02
1.963108419938788245e+02
1.950690003282886948e+02
1.950690003282886948e+02
1.853155007459780848e+02
1.853155007459780848e+02
1.760496761427830279e+02
1.760496761427830279e+02
1.672471427697477395e+02
1.672471427697477395e+02
1.588847360653641658e+02
1.588847360653641658e+02
1.509404496961998348e+02
1.509404496961998348e+02
3.799990086820765782e+02
3.799990086820765782e+02
3.799990086820765782e+02
3.799990086820765782e+02
3.799990086820765782e+02
3.799990086820765782e+02
3.609990086820765782e+02
3.609990086820765782e+02
3.429490086820766237e+02
3.429490086820766237e+02
3.258015086820766442e+02
3.258015086820766442e+02
3.258015086820766442e+02
3.095113836820766551e+02
2.995113836820766551e+02
2.840357649320766882e+02
2.745357649320766882e+02
2.598339271195766287e+02
2.508089271195766514e+02
2.368421811977016489e+02
2.325987725719204775e+02
2.150000225719204821e+02
2.109687843774282499e+02
1.966430437471314576e+02
1.966430437471314576e+02
1.858358419938788018e+02
1.863108419938788245e+02
1.850690003282886948e+02
1.950690003282886948e+02
1.864952503282886767e+02
1.864952503282886767e+02
1.853155007459780848e+02
1.853155007459780848e+02
1.760496761427830279e+02
1.760496761427830279e+02
1.672471427697477395e+02
1.672471427697477395e+02
1.588847360653641658e+02
1.588847360653641658e+02
1.509404496961998348e+02
1.509404496961998348e+02
3.999990086820765782e+02
3.999990086820765782e+02
3.999990086820765782e+02
3.799990086820765782e+02
3.799990086820765782e+02
3.799990086820765782e+02
3.609990086820765782e+02
3.609990086820765782e+02
3.429490086820766237e+02
3.429490086820766237e+02
3.258015086820766442e+02
3.258015086820766442e+02
3.258015086820766442e+02
3.095113836820766551e+02
2.995113836820766551e+02
2.840357649320766882e+02
2.745357649320766882e+02
2.598339271195766287e+02
2.508089271195766514e+02
2.368421811977016489e+02
2.325987725719204775e+02
2.150000225719204821e+02
2.109687843774282499e+02
1.942499718774282655e+02
1.904202955926606649e+02
1.822752330926606419e+02
1.768108419938788245e+02
1.764952503282886767e+02
1.864952503282886767e+02
1.864952503282886767e+02
1.864952503282886767e+02
1.853155007459780848e+02
1.853155007459780848e+02
1.760496761427830279e+02
1.760496761427830279e+02
1.672471427697477395e+02
1.672471427697477395e+02
1.588847360653641658e+02
1.588847360653641658e+02
1.509404496961998348e+02
1.509404496961998348e+02
3.999990086820765782e+02
3.999990086820765782e+02
3.999990086820765782e+02
3.999990086820765782e+02
3.799990086820765782e+02
3.799990086820765782e+02
3.609990086820765782e+02
3.609990086820765782e+02
3.609990086820765782e+02
3.429490086820766237e+02
3.429490086820766237e+02
3.258015086820766442e+02
3.258015086820766442e+02
3.095113836820766551e+02
2.995113836820766551e+02
2.840357649320766882e+02
2.745357649320766882e+02
2.598339271195766287e+02
2.508089271195766514e+02
2.368421811977016489e+02
2.282684311977016591e+02
2.150000225719204821e+02
2.068549600719204307e+02
1.942499718774282655e+02
1.904202955926606649e+02
1.745374237176606584e+02
1.708992312471314960e+02
1.671704382459780618e+02
1.753155007459780848e+02
1.771704382459780618e+02
1.771704382459780618e+02
1.771704382459780618e+02
1.771704382459780618e+02
1.760496761427830279e+02
1.760496761427830279e+02
1.672471427697477395e+02
1.672471427697477395e+02
1.588847360653641658e+02
1.588847360653641658e+02
1.509404496961998348e+02
1.509404496961998348e+02
3.999990086820765782e+02
3.999990086820765782e+02
3.999990086820765782e+02
3.999990086820765782e+02
3.999990086820765782e+02
3.799990086820765782e+02
3.799990086820765782e+02
3.609990086820765782e+02
3.609990086820765782e+02
3.429490086820766237e+02
3.429490086820766237e+02
3.258015086820766442e+02
3.258015086820766442e+02
2.995113836820766551e+02
2.995113836820766551e+02
2.745357649320766882e+02
2.745357649320766882e+02
2.508089271195766514e+02
2.508089271195766514e+02
2.282684311977016591e+02
2.282684311977016591e+02
2.150000225719204821e+02
2.068549600719204307e+02
1.942499718774282655e+02
1.904202955926606649e+02
1.745374237176606584e+02
1.708992312471314960e+02
1.671704382459780618e+02
1.671704382459780618e+02
1.771704382459780618e+02
1.771704382459780618e+02
1.771704382459780618e+02
1.771704382459780618e+02
1.760496761427830279e+02
1.760496761427830279e+02
1.672471427697477395e+02
1.672471427697477395e+02
1.588847360653641658e+02
1.588847360653641658e+02
1.509404496961998348e+02
1.509404496961998348e+02
3.999990086820765782e+02
3.999990086820765782e+02
3.999990086820765782e+02
3.999990086820765782e+02
3.999990086820765782e+02
3.799990086820765782e+02
3.799990086820765782e+02
3.609990086820765782e+02
3.609990086820765782e+02
3.429490086820766237e+02
3.429490086820766237e+02
3.258015086820766442e+02
3.258015086820766442e+02
2.995113836820766551e+02
2.995113836820766551e+02
2.745357649320766882e+02
2.745357649320766882e+02
2.508089271195766514e+02
2.508089271195766514e+02
2.282684311977016591e+02
2.282684311977016591e+02
2.068549600719204307e+02
2.068549600719204307e+02
1.865121625024282821e+02
1.865121625024282821e+02
1.745374237176606584e+02
1.671865048114106571e+02
1.583118667677830445e+02
1.583118667677830445e+02
1.683118667677830445e+02
1.683118667677830445e+02
1.683118667677830445e+02
1.683118667677830445e+02
1.683118667677830445e+02
1.683118667677830445e+02
1.672471427697477395e+02
1.672471427697477395e+02
1.588847360653641658e+02
1.588847360653641658e+02
1.509404496961998348e+02
1.509404496961998348e+02
3.999990086820765782e+02
3.999990086820765782e+02
3.999990086820765782e+02
3.999990086820765782e+02
3.999990086820765782e+02
3.799990086820765782e+02
3.799990086820765782e+02
3.609990086820765782e+02
3.609990086820765782e+02
3.429490086820766237e+02
3.429490086820766237e+02
3.258015086820766442e+02
3.258015086820766442e+02
2.995113836820766551e+02
2.995113836820766551e+02
2.745357649320766882e+02
2.745357649320766882e+02
2.508089271195766514e+02
2.508089271195766514e+02
2.282684311977016591e+02
2.282684311977016591e+02
2.150000225719204821e+02
2.068549600719204307e+02
1.942499718774282655e+02
1.865121625024282821e+02
1.745374237176606584e+02
1.671865048114106571e+02
1.660496761427830279e+02
1.660496761427830279e+02
1.760496761427830279e+02
1.760496761427830279e+02
1.760496761427830279e+02
1.760496761427830279e+02
1.683118667677830445e+02
1.683118667677830445e+02
1.672471427697477395e+02
1.672471427697477395e+02
1.588847360653641658e+02
1.588847360653641658e+02
1.509404496961998348e+02
1.509404496961998348e+02
3.999990086820765782e+02
3.999990086820765782e+02
3.999990086820765782e+02
3.999990086820765782e+02
3.999990086820765782e+02
3.799990086820765782e+02
3.799990086820765782e+02
3.609990086820765782e+02
3.609990086820765782e+02
3.429490086820766237e+02
3.429490086820766237e+02
3.258015086820766442e+02
3.258015086820766442e+02
2.995113836820766551e+02
2.995113836820766551e+02
2.745357649320766882e+02
2.745357649320766882e+02
2.508089271195766514e+02
2.508089271195766514e+02
2.282684311977016591e+02
2.282684311977016591e+02
2.150000225719204821e+02
2.068549600719204307e+02
1.942499718774282655e+02
1.865121625024282821e+02
1.745374237176606584e+02
1.671865048114106571e+02
1.660496761427830279e+02
1.662905007459780791e+02
1.760496761427830279e+02
1.760496761427830279e+02
1.760496761427830279e+02
1.760496761427830279e+02
1.672471427697477395e+02
1.672471427697477395e+02
1.672471427697477395e+02
1.672471427697477395e+02
1.588847360653641658e+02
1.588847360653641658e+02
1.509404496961998348e+02
1.509404496961998348e+02
3.999990086820765782e+02
3.999990086820765782e+02
3.999990086820765782e+02
3.999990086820765782e+02
3.799990086820765782e+02
3.799990086820765782e+02
3.609990086820765782e+02
3.609990086820765782e+02
3.609990086820765782e+02
3.429490086820766237e+02
3.429490086820766237e+02
3.258015086820766442e+02
3.258015086820766442e+02
3.095113836820766551e+02
2.995113836820766551e+02
2.840357649320766882e+02
2.745357649320766882e+02
2.598339271195766287e+02
2.508089271195766514e+02
2.368421811977016489e+02
2.282684311977016591e+02
2.150000225719204821e+02
2.068549600719204307e+02
1.942499718774282655e+02
1.865121625024282821e+02
1.745374237176606584e+02
1.671865048114106571e+02
1.753155007459780848e+02
1.753155007459780848e+02
1.853155007459780848e+02
1.853155007459780848e+02
1.760496761427830279e+02
1.760496761427830279e+02
1.760496761427830279e+02
1.760496761427830279e+02
1.672471427697477395e+02
1.672471427697477395e+02
1.588847360653641658e+02
1.588847360653641658e+02
1.509404496961998348e+02
1.509404496961998348e+02
3.999990086820765782e+02
3.999990086820765782e+02
3.799990086820765782e+02
3.799990086820765782e+02
3.799990086820765782e+02
3.799990086820765782e+02
3.609990086820765782e+02
3.609990086820765782e+02
3.429490086820766237e+02
3.429490086820766237e+02
3.258015086820766442e+02
3.258015086820766442e+02
3.258015086820766442e+02
3.095113836820766551e+02
2.995113836820766551e+02
2.840357649320766882e+02
2.745357649320766882e+02
2.598339271195766287e+02
2.508089271195766514e+02
2.368421811977016489e+02
2.282684311977016591e+02
2.150000225719204821e+02
2.068549600719204307e+02
1.942499718774282655e+02
1.904202955926606649e+02
1.858358419938788018e+02
1.755690003282886948e+02
1.755690003282886948e+02
1.855690003282886948e+02
1.853155007459780848e+02
1.853155007459780848e+02
1.853155007459780848e+02
1.853155007459780848e+02
1.760496761427830279e+02
1.760496761427830279e+02
1.672471427697477395e+02
1.672471427697477395e+02
1.588847360653641658e+02
1.588847360653641658e+02
1.509404496961998348e+02
1.509404496961998348e+02
3.999990086820765782e+02
3.799990086820765782e+02
3.799990086820765782e+02
3.799990086820765782e+02
3.799990086820765782e+02
3.799990086820765782e+02
3.609990086820765782e+02
3.609990086820765782e+02
3.429490086820766237e+02
3.429490086820766237e+02
3.258015086820766442e+02
3.258015086820766442e+02
3.258015086820766442e+02
3.095113836820766551e+02
2.995113836820766551e+02
2.840357649320766882e+02
2.745357649320766882e+02
2.598339271195766287e+02
2.508089271195766514e+02
2.368421811977016489e+02
2.325987725719204775e+02
2.235737725719204434e+02
2.109687843774282499e+02
2.023950343774282601e+02
1.989940455926606830e+02
1.858358419938788018e+02
1.858358419938788018e+02
1.950690003282886948e+02
1.950690003282886948e+02
1.950690003282886948e+02
1.950690003282886948e+02
1.853155007459780848e+02
1.853155007459780848e+02
1.760496761427830279e+02
1.760496761427830279e+02
1.672471427697477395e+02
1.672471427697477395e+02
1.588847360653641658e+02
1.588847360653641658e+02
1.509404496961998348e+02
1.509404496961998348e+02
3.799990086820765782e+02
3.799990086820765782e+02
3.799990086820765782e+02
3.609990086820765782e+02
3.609990086820765782e+02
3.609990086820765782e+02
3.609990086820765782e+02
3.429490086820766237e+02
3.429490086820766237e+02
3.429490086820766237e+02
3.258015086820766442e+02
3.258015086820766442e+02
3.095113836820766551e+02
3.095113836820766551e+02
2.940357649320766882e+02
2.840357649320766882e+02
2.745357649320766882e+02
2.598339271195766287e+02
2.508089271195766514e+02
2.368421811977016489e+02
2.325987725719204775e+02
2.235737725719204434e+02
2.109687843774282499e+02
2.061430437471314576e+02
2.061430437471314576e+02
1.953358419938788018e+02
1.953358419938788018e+02
1.950690003282886948e+02
1.950690003282886948e+02
1.950690003282886948e+02
1.950690003282886948e+02
1.853155007459780848e+02
1.853155007459780848e+02
1.760496761427830279e+02
1.760496761427830279e+02
1.672471427697477395e+02
1.672471427697477395e+02
1.588847360653641658e+02
1.588847360653641658e+02
1.509404496961998348e+02
1.509404496961998348e+02
3.799990086820765782e+02
3.609990086820765782e+02
3.609990086820765782e+02
3.609990086820765782e+02
3.609990086820765782e+02
3.609990086820765782e+02
3.429490086820766237e+02
3.429490086820766237e+02
3.429490086820766237e+02
3.258015086820766442e+02
3.258015086820766442e+02
3.095113836820766551e+02
3.095113836820766551e+02
3.095113836820766551e+02
2.940357649320766882e+02
2.940357649320766882e+02
2.693339271195766287e+02
2.693339271195766287e+02
2.553671811977016546e+02
2.458671811977016546e+02
2.420987725719204775e+02
2.235737725719204434e+02
2.199937843774282555e+02
2.061430437471314576e+02
2.061430437471314576e+02
2.061430437471314576e+02
2.053358419938788018e+02
2.053358419938788018e+02
2.053358419938788018e+02
1.950690003282886948e+02
1.950690003282886948e+02
1.853155007459780848e+02
1.853155007459780848e+02
1.760496761427830279e+02
1.760496761427830279e+02
1.672471427697477395e+02
1.672471427697477395e+02
1.588847360653641658e+02
1.588847360653641658e+02
1.509404496961998348e+02
1.509404496961998348e+02
3.609990086820765782e+02
3.609990086820765782e+02
3.609990086820765782e+02
3.429490086820766237e+02
3.429490086820766237e+02
3.429490086820766237e+02
3.429490086820766237e+02
3.258015086820766442e+02
3.258015086820766442e+02
3.258015086820766442e+02
3.095113836820766551e+02
3.095113836820766551e+02
3.095113836820766551e+02
2.940357649320766882e+02
2.940357649320766882e+02
2.793339271195766287e+02
2.793339271195766287e+02
2.653671811977016546e+02
2.653671811977016546e+02
2.420987725719204775e+02
2.420987725719204775e+02
2.294937843774282555e+02
2.199937843774282555e+02
2.275190455926606603e+02
2.275190455926606603e+02
2.161430437471314576e+02
2.161430437471314576e+02
2.053358419938788018e+02
2.053358419938788018e+02
1.950690003282886948e+02
1.950690003282886948e+02
1.853155007459780848e+02
1.853155007459780848e+02
1.760496761427830279e+02
1.760496761427830279e+02
1.672471427697477395e+02
1.672471427697477395e+02
1.588847360653641658e+02
1.588847360653641658e+02
1.509404496961998348e+02
1.509404496961998348e+02
3.609990086820765782e+02
3.429490086820766237e+02
3.429490086820766237e+02
3.429490086820766237e+02
3.429490086820766237e+02
3.429490086820766237e+02
3.429490086820766237e+02
3.258015086820766442e+02
3.258015086820766442e+02
3.258015086820766442e+02
3.095113836820766551e+02
3.095113836820766551e+02
3.095113836820766551e+02
2.940357649320766882e+02
2.940357649320766882e+02
2.793339271195766287e+02
2.793339271195766287e+02
2.653671811977016546e+02
2.653671811977016546e+02
2.520987725719204775e+02
2.520987725719204775e+02
2.394937843774282555e+02
2.394937843774282555e+02
2.275190455926606603e+02
2.275190455926606603e+02
2.161430437471314576e+02
2.161430437471314576e+02
2.053358419938788018e+02
2.053358419938788018e+02
1.950690003282886948e+02
1.950690003282886948e+02
1.853155007459780848e+02
1.853155007459780848e+02
1.760496761427830279e+02
1.760496761427830279e+02
1.672471427697477395e+02
1.672471427697477395e+02
1.588847360653641658e+02
1.588847360653641658e+02
1.509404496961998348e+02
1.509404496961998348e+02
3.429490086820766237e+02
3.429490086820766237e+02
3.429490086820766237e+02
3.258015086820766442e+02
3.258015086820766442e+02
3.258015086820766442e+02
3.258015086820766442e+02
3.258015086820766442e+02
3.258015086820766442e+02
3.095113836820766551e+02
3.095113836820766551e+02
2.940357649320766882e+02
2.940357649320766882e+02
2.940357649320766882e+02
2.793339271195766287e+02
2.793339271195766287e+02
2.793339271195766287e+02
2.653671811977016546e+02
2.653671811977016546e+02
2.520987725719204775e+02
2.520987725719204775e+02
2.394937843774282555e+02
2.394937843774282555e+02
2.275190455926606603e+02
2.275190455926606603e+02
2.161430437471314576e+02
2.161430437471314576e+02
2.053358419938788018e+02
2.053358419938788018e+02
1.950690003282886948e+02
1.950690003282886948e+02
1.853155007459780848e+02
1.853155007459780848e+02
1.760496761427830279e+02
1.760496761427830279e+02
1.672471427697477395e+02
1.672471427697477395e+02
1.588847360653641658e+02
1.588847360653641658e+02
1.509404496961998348e+02
1.509404496961998348e+02
3.429490086820766237e+02
3.258015086820766442e+02
3.258015086820766442e+02
3.258015086820766442e+02
3.258015086820766442e+02
3.258015086820766442e+02
3.258015086820766442e+02
3.258015086820766442e+02
3.258015086820766442e+02
3.095113836820766551e+02
3.095113836820766551e+02
2.940357649320766882e+02
2.940357649320766882e+02
2.940357649320766882e+02
2.793339271195766287e+02
2.793339271195766287e+02
2.793339271195766287e+02
2.653671811977016546e+02
2.653671811977016546e+02
2.520987725719204775e+02
2.520987725719204775e+02
2.394937843774282555e+02
2.394937843774282555e+02
2.275190455926606603e+02
2.275190455926606603e+02
2.161430437471314576e+02
2.161430437471314576e+02
2.053358419938788018e+02
2.053358419938788018e+02
1.950690003282886948e+02
1.950690003282886948e+02
1.853155007459780848e+02
1.853155007459780848e+02
1.760496761427830279e+02
1.760496761427830279e+02
1.672471427697477395e+02
1.672471427697477395e+02
1.588847360653641658e+02
1.588847360653641658e+02
1.509404496961998348e+02
1.509404496961998348e+02
3.258015086820766442e+02
3.258015086820766442e+02
3.258015086820766442e+02
3.095113836820766551e+02
3.095113836820766551e+02
3.095113836820766551e+02
3.095113836820766551e+02
3.095113836820766551e+02
3.095113836820766551e+02
3.095113836820766551e+02
2.940357649320766882e+02
2.940357649320766882e+02
2.940357649320766882e+02
2.793339271195766287e+02
2.793339271195766287e+02
2.653671811977016546e+02
2.653671811977016546e+02
2.653671811977016546e+02
2.653671811977016546e+02
2.520987725719204775e+02
2.520987725719204775e+02
2.394937843774282555e+02
2.394937843774282555e+02
2.275190455926606603e+02
2.275190455926606603e+02
2.161430437471314576e+02
2.161430437471314576e+02
2.053358419938788018e+02
2.053358419938788018e+02
1.950690003282886948e+02
1.950690003282886948e+02
1.853155007459780848e+02
1.853155007459780848e+02
1.760496761427830279e+02
1.760496761427830279e+02
1.672471427697477395e+02
1.672471427697477395e+02
1.588847360653641658e+02
1.588847360653641658e+02
1.509404496961998348e+02
1.509404496961998348e+02
3.258015086820766442e+02
3.095113836820766551e+02
3.095113836820766551e+02
3.095113836820766551e+02
3.095113836820766551e+02
3.095113836820766551e+02
3.095113836820766551e+02
3.095113836820766551e+02
3.095113836820766551e+02
3.095113836820766551e+02
2.940357649320766882e+02
2.940357649320766882e+02
2.940357649320766882e+02
2.793339271195766287e+02
2.793339271195766287e+02
2.653671811977016546e+02
2.653671811977016546e+02
2.653671811977016546e+02
2.653671811977016546e+02
2.520987725719204775e+02
2.520987725719204775e+02
2.394937843774282555e+02
2.394937843774282555e+02
2.275190455926606603e+02
2.275190455926606603e+02
2.161430437471314576e+02
2.161430437471314576e+02
2.053358419938788018e+02
2.053358419938788018e+02
1.950690003282886948e+02
1.950690003282886948e+02
1.853155007459780848e+02
1.853155007459780848e+02
1.760496761427830279e+02
1.760496761427830279e+02
1.672471427697477395e+02
1.672471427697477395e+02
1.588847360653641658e+02
1.588847360653641658e+02
1.509404496961998348e+02
1.509404496961998348e+02
3.095113836820766551e+02
3.095113836820766551e+02
3.095113836820766551e+02
2.940357649320766882e+02
2.940357649320766882e+02
2.940357649320766882e+02
2.940357649320766882e+02
2.940357649320766882e+02
2.940357649320766882e+02
2.940357649320766882e+02
2.940357649320766882e+02
2.793339271195766287e+02
2.793339271195766287e+02
2.793339271195766287e+02
2.653671811977016546e+02
2.653671811977016546e+02
2.653671811977016546e+02
2.520987725719204775e+02
2.520987725719204775e+02
2.520987725719204775e+02
2.520987725719204775e+02
2.394937843774282555e+02
2.394937843774282555e+02
2.275190455926606603e+02
2.275190455926606603e+02
2.161430437471314576e+02
2.161430437471314576e+02
2.053358419938788018e+02
2.053358419938788018e+02
1.950690003282886948e+02
1.950690003282886948e+02
1.853155007459780848e+02
1.853155007459780848e+02
1.760496761427830279e+02
1.760496761427830279e+02
1.672471427697477395e+02
1.672471427697477395e+02
1.588847360653641658e+02
1.588847360653641658e+02
1.509404496961998348e+02
1.509404496961998348e+02
3.095113836820766551e+02
2.940357649320766882e+02
2.940357649320766882e+02
2.940357649320766882e+02
2.940357649320766882e+02
2.940357649320766882e+02
2.940357649320766882e+02
2.940357649320766882e+02
2.940357649320766882e+02
2.940357649320766882e+02
2.940357649320766882e+02
2.793339271195766287e+02
2.793339271195766287e+02
2.793339271195766287e+02
2.653671811977016546e+02
2.653671811977016546e+02
2.653671811977016546e+02
2.520987725719204775e+02
2.520987725719204775e+02
2.520987725719204775e+02
2.520987725719204775e+02
2.394937843774282555e+02
2.394937843774282555e+02
2.275190455926606603e+02
2.275190455926606603e+02
2.161430437471314576e+02
2.161430437471314576e+02
2.053358419938788018e+02
2.053358419938788018e+02
1.950690003282886948e+02
1.950690003282886948e+02
1.853155007459780848e+02
1.853155007459780848e+02
1.760496761427830279e+02
1.760496761427830279e+02
1.672471427697477395e+02
1.672471427697477395e+02
1.588847360653641658e+02
1.588847360653641658e+02
1.509404496961998348e+02
1.509404496961998348e+02
2.940357649320766882e+02
2.940357649320766882e+02
2.940357649320766882e+02
2.793339271195766287e+02
2.793339271195766287e+02
2.793339271195766287e+02
2.793339271195766287e+02
2.793339271195766287e+02
2.793339271195766287e+02
2.793339271195766287e+02
2.793339271195766287e+02
2.793339271195766287e+02
2.793339271195766287e+02
2.653671811977016546e+02
2.653671811977016546e+02
2.520987725719204775e+02
2.520987725719204775e+02
2.520987725719204775e+02
2.520987725719204775e+02
2.394937843774282555e+02
2.394937843774282555e+02
2.394937843774282555e+02
2.275190455926606603e+02
2.275190455926606603e+02
2.275190455926606603e+02
2.161430437471314576e+02
2.161430437471314576e+02
2.053358419938788018e+02
2.053358419938788018e+02
1.950690003282886948e+02
1.950690003282886948e+02
1.853155007459780848e+02
1.853155007459780848e+02
1.760496761427830279e+02
1.760496761427830279e+02
1.672471427697477395e+02
1.672471427697477395e+02
1.588847360653641658e+02
1.588847360653641658e+02
1.509404496961998348e+02
1.509404496961998348e+02
2.940357649320766882e+02
2.793339271195766287e+02
2.793339271195766287e+02
2.793339271195766287e+02
2.793339271195766287e+02
2.793339271195766287e+02
2.793339271195766287e+02
2.793339271195766287e+02
2.793339271195766287e+02
2.793339271195766287e+02
2.793339271195766287e+02
2.793339271195766287e+02
2.793339271195766287e+02
2.653671811977016546e+02
2.653671811977016546e+02
2.520987725719204775e+02
2.520987725719204775e+02
2.520987725719204775e+02
2.520987725719204775e+02
2.394937843774282555e+02
2.394937843774282555e+02
2.394937843774282555e+02
2.275190455926606603e+02
2.275190455926606603e+02
2.275190455926606603e+02
2.161430437471314576e+02
2.161430437471314576e+02
2.053358419938788018e+02
2.053358419938788018e+02
1.950690003282886948e+02
1.950690003282886948e+02
1.853155007459780848e+02
1.853155007459780848e+02
1.760496761427830279e+02
1.760496761427830279e+02
1.672471427697477395e+02
1.672471427697477395e+02
1.588847360653641658e+02
1.588847360653641658e+02
1.509404496961998348e+02
1.509404496961998348e+02
2.793339271195766287e+02
2.793339271195766287e+02
2.793339271195766287e+02
2.653671811977016546e+02
2.653671811977016546e+02
2.653671811977016546e+02
2.653671811977016546e+02
2.653671811977016546e+02
2.653671811977016546e+02
2.653671811977016546e+02
2.653671811977016546e+02
2.653671811977016546e+02
2.653671811977016546e+02
2.653671811977016546e+02
2.520987725719204775e+02
2.520987725719204775e+02
2.520987725719204775e+02
2.394937843774282555e+02
2.394937843774282555e+02
2.394937843774282555e+02
2.394937843774282555e+02
2.275190455926606603e+02
2.275190455926606603e+02
2.161430437471314576e+02
2.161430437471314576e+02
2.161430437471314576e+02
2.053358419938788018e+02
2.053358419938788018e+02
2.053358419938788018e+02
1.950690003282886948e+02
1.950690003282886948e+02
1.853155007459780848e+02
1.853155007459780848e+02
1.760496761427830279e+02
1.760496761427830279e+02
1.672471427697477395e+02
1.672471427697477395e+02
1.588847360653641658e+02
1.588847360653641658e+02
1.509404496961998348e+02
1.509404496961998348e+02
2.793339271195766287e+02
2.653671811977016546e+02
2.653671811977016546e+02
2.653671811977016546e+02
2.653671811977016546e+02
2.653671811977016546e+02
2.653671811977016546e+02
2.653671811977016546e+02
2.653671811977016546e+02
2.653671811977016546e+02
2.653671811977016546e+02
2.653671811977016546e+02
2.653671811977016546e+02
2.653671811977016546e+02
2.520987725719204775e+02
2.520987725719204775e+02
2.520987725719204775e+02
2.394937843774282555e+02
2.394937843774282555e+02
2.394937843774282555e+02
2.394937843774282555e+02
2.275190455926606603e+02
2.275190455926606603e+02
2.161430437471314576e+02
2.161430437471314576e+02
2.161430437471314576e+02
2.053358419938788018e+02
2.053358419938788018e+02
2.053358419938788018e+02
1.950690003282886948e+02
1.950690003282886948e+02
1.853155007459780848e+02
1.853155007459780848e+02
1.760496761427830279e+02
1.760496761427830279e+02
1.672471427697477395e+02
1.672471427697477395e+02
1.588847360653641658e+02
1.588847360653641658e+02
1.509404496961998348e+02
1.509404496961998348e+02
2.653671811977016546e+02
2.653671811977016546e+02
2.653671811977016546e+02
2.520987725719204775e+02
2.520987725719204775e+02
2.520987725719204775e+02
2.520987725719204775e+02
2.520987725719204775e+02
2.520987725719204775e+02
2.520987725719204775e+02
2.520987725719204775e+02
2.520987725719204775e+02
2.520987725719204775e+02
2.520987725719204775e+02
2.520987725719204775e+02
2.394937843774282555e+02
2.394937843774282555e+02
2.394937843774282555e+02
2.394937843774282555e+02
2.275190455926606603e+02
2.275190455926606603e+02
2.275190455926606603e+02
2.161430437471314576e+02
2.161430437471314576e+02
2.161430437471314576e+02
2.053358419938788018e+02
2.053358419938788018e+02
1.950690003282886948e+02
1.950690003282886948e+02
1.950690003282886948e+02
1.950690003282886948e+02
1.853155007459780848e+02
1.853155007459780848e+02
1.760496761427830279e+02
1.760496761427830279e+02
1.672471427697477395e+02
1.672471427697477395e+02
1.588847360653641658e+02
1.588847360653641658e+02
1.509404496961998348e+02
1.509404496961998348e+02
2.653671811977016546e+02
2.520987725719204775e+02
2.520987725719204775e+02
2.520987725719204775e+02
2.520987725719204775e+02
2.520987725719204775e+02
2.520987725719204775e+02
2.520987725719204775e+02
2.520987725719204775e+02
2.520987725719204775e+02
2.520987725719204775e+02
2.520987725719204775e+02
2.520987725719204775e+02
2.520987725719204775e+02
2.520987725719204775e+02
2.394937843774282555e+02
2.394937843774282555e+02
2.394937843774282555e+02
2.394937843774282555e+02
2.275190455926606603e+02
2.275190455926606603e+02
2.275190455926606603e+02
2.161430437471314576e+02
2.161430437471314576e+02
2.161430437471314576e+02
2.053358419938788018e+02
2.053358419938788018e+02
1.950690003282886948e+02
1.950690003282886948e+02
1.950690003282886948e+02
1.950690003282886948e+02
1.853155007459780848e+02
1.853155007459780848e+02
1.760496761427830279e+02
1.760496761427830279e+02
1.672471427697477395e+02
1.672471427697477395e+02
1.588847360653641658e+02
1.588847360653641658e+02
1.509404496961998348e+02
1.509404496961998348e+02
