1.470183781249999599e+00
3.966745921874994529e-01
4.701837812499995994e-01
-5.533254078125003916e-01
-4.798162187500002451e-01
-1.455825407812500139e+00
-1.382316218750000214e+00
-2.313200407812500359e+00
-2.239691218749999990e+00
-3.127706657812499902e+00
-3.054197468749999533e+00
-3.827978406250000187e+00
-3.827978406250000187e+00
-3.827978406250000187e+00
-3.827978406250000187e+00
-4.636579485937499356e+00
-4.636579485937499356e+00
-4.636579485937499356e+00
-5.404750511640624033e+00
-5.404750511640624033e+00
-6.134512986058592965e+00
-6.134512986058592965e+00
-6.827787336755663183e+00
-6.827787336755663183e+00
-7.486397969917879536e+00
-7.486397969917879536e+00
-8.112078071421985115e+00
-8.112078071421985115e+00
-8.706474167850885237e+00
-8.706474167850885237e+00
-9.271150459458340265e+00
1.470183781249999599e+00
4.701837812499995994e-01
4.701837812499995994e-01
-4.798162187500002451e-01
-4.798162187500002451e-01
-1.382316218750000214e+00
-1.382316218750000214e+00
-2.239691218749999990e+00
-2.239691218749999990e+00
-3.054197468749999533e+00
-3.054197468749999533e+00
-3.827978406250000187e+00
-3.827978406250000187e+00
-3.827978406250000187e+00
-3.827978406250000187e+00
-3.827978406250000187e+00
-4.636579485937499356e+00
-4.636579485937499356e+00
-5.404750511640624033e+00
-5.404750511640624033e+00
-6.134512986058592965e+00
-6.134512986058592965e+00
-6.827787336755663183e+00
-6.827787336755663183e+00
-7.486397969917879536e+00
-7.486397969917879536e+00
-8.112078071421985115e+00
-8.112078071421985115e+00
-8.706474167850885237e+00
-8.706474167850885237e+00
-9.271150459458340265e+00
1.547561874999999754e+00
4.701837812499995994e-01
5.475618749999997537e-01
-4.798162187500002451e-01
-4.024381250000003130e-01
-1.382316218750000214e+00
-1.304938125000000060e+00
-2.239691218749999990e+00
-2.162313124999999836e+00
-2.976819375000000267e+00
-2.976819375000000267e+00
-2.976819375000000267e+00
-2.976819375000000267e+00
-3.827978406250000187e+00
-3.827978406250000187e+00
-3.827978406250000187e+00
-4.636579485937499356e+00
-4.636579485937499356e+00
-5.404750511640624033e+00
-5.404750511640624033e+00
-6.134512986058592965e+00
-6.134512986058592965e+00
-6.827787336755663183e+00
-6.827787336755663183e+00
-7.486397969917879536e+00
-7.486397969917879536e+00
-8.112078071421985115e+00
-8.112078071421985115e+00
-8.706474167850885237e+00
-8.706474167850885237e+00
-9.271150459458340265e+00
1.547561874999999754e+00
5.475618749999997537e-01
5.475618749999997537e-01
-4.024381250000003130e-01
-4.024381250000003130e-01
-1.304938125000000060e+00
-1.304938125000000060e+00
-2.162313124999999836e+00
-2.162313124999999836e+00
-2.976819375000000267e+00
-2.976819375000000267e+00
-2.976819375000000267e+00
-2.976819375000000267e+00
-2.976819375000000267e+00
-3.827978406250000187e+00
-3.827978406250000187e+00
-4.636579485937499356e+00
-4.636579485937499356e+00
-5.404750511640624033e+00
-5.404750511640624033e+00
-6.134512986058592965e+00
-6.134512986058592965e+00
-6.827787336755663183e+00
-6.827787336755663183e+00
-7.486397969917879536e+00
-7.486397969917879536e+00
-8.112078071421985115e+00
-8.112078071421985115e+00
-8.706474167850885237e+00
-8.706474167850885237e+00
-9.271150459458340265e+00
1.629012499999999752e+00
5.475618749999997537e-01
6.290124999999997524e-01
-4.024381250000003130e-01
-3.209875000000002032e-01
-1.304938125000000060e+00
-1.223487500000000061e+00
-2.080862500000000281e+00
-2.080862500000000281e+00
-2.080862500000000281e+00
-2.080862500000000281e+00
-2.976819375000000267e+00
-2.976819375000000267e+00
-2.976819375000000267e+00
-3.827978406250000187e+00
-3.827978406250000187e+00
-4.636579485937499356e+00
-4.636579485937499356e+00
-5.404750511640624033e+00
-5.404750511640624033e+00
-6.134512986058592965e+00
-6.134512986058592965e+00
-6.827787336755663183e+00
-6.827787336755663183e+00
-7.486397969917879536e+00
-7.486397969917879536e+00
-8.112078071421985115e+00
-8.112078071421985115e+00
-8.706474167850885237e+00
-8.706474167850885237e+00
-9.149180285732349205e+00
1.629012499999999752e+00
6.290124999999997524e-01
6.290124999999997524e-01
-3.209875000000002032e-01
-3.209875000000002032e-01
-1.223487500000000061e+00
-1.223487500000000061e+00
-2.080862500000000281e+00
-2.080862500000000281e+00
-2.080862500000000281e+00
-2.080862500000000281e+00
-2.080862500000000281e+00
-2.976819375000000267e+00
-2.976819375000000267e+00
-3.827978406250000187e+00
-3.827978406250000187e+00
-4.636579485937499356e+00
-4.636579485937499356e+00
-5.404750511640624033e+00
-5.404750511640624033e+00
-6.134512986058592965e+00
-6.134512986058592965e+00
-6.827787336755663183e+00
-6.827787336755663183e+00
-7.486397969917879536e+00
-7.486397969917879536e+00
-8.112078071421985115e+00
-8.112078071421985115e+00
-8.706474167850885237e+00
-8.706474167850885237e+00
-9.149180285732349205e+00
1.714749999999999774e+00
6.290124999999997524e-01
7.147499999999997744e-01
-3.209875000000002032e-01
-2.352500000000000702e-01
-1.137750000000000039e+00
-1.137750000000000039e+00
-1.137750000000000039e+00
-1.137750000000000039e+00
-2.080862500000000281e+00
-2.080862500000000281e+00
-2.080862500000000281e+00
-2.976819375000000267e+00
-2.976819375000000267e+00
-3.827978406250000187e+00
-3.827978406250000187e+00
-4.636579485937499356e+00
-4.636579485937499356e+00
-5.404750511640624033e+00
-5.404750511640624033e+00
-6.134512986058592965e+00
-6.134512986058592965e+00
-6.827787336755663183e+00
-6.827787336755663183e+00
-7.486397969917879536e+00
-7.486397969917879536e+00
-8.112078071421985115e+00
-8.112078071421985115e+00
-8.578084511297209502e+00
-8.578084511297209502e+00
-8.578084511297209502e+00
1.714749999999999774e+00
7.147499999999997744e-01
7.147499999999997744e-01
-2.352500000000000702e-01
-2.352500000000000702e-01
-1.137750000000000039e+00
-1.137750000000000039e+00
-1.137750000000000039e+00
-1.137750000000000039e+00
-1.137750000000000039e+00
-2.080862500000000281e+00
-2.080862500000000281e+00
-2.976819375000000267e+00
-2.976819375000000267e+00
-3.827978406250000187e+00
-3.827978406250000187e+00
-4.636579485937499356e+00
-4.636579485937499356e+00
-5.404750511640624033e+00
-5.404750511640624033e+00
-6.134512986058592965e+00
-6.134512986058592965e+00
-6.827787336755663183e+00
-6.827787336755663183e+00
-7.486397969917879536e+00
-7.486397969917879536e+00
-8.112078071421985115e+00
-8.112078071421985115e+00
-8.578084511297209502e+00
-8.578084511297209502e+00
-8.578084511297209502e+00
1.804999999999999938e+00
7.147499999999997744e-01
8.049999999999999378e-01
-1.450000000000001288e-01
-1.450000000000001288e-01
-1.450000000000001288e-01
-1.450000000000001288e-01
-1.137750000000000039e+00
-1.137750000000000039e+00
-1.137750000000000039e+00
-2.080862500000000281e+00
-2.080862500000000281e+00
-2.976819375000000267e+00
-2.976819375000000267e+00
-3.827978406250000187e+00
-3.827978406250000187e+00
-4.636579485937499356e+00
-4.636579485937499356e+00
-5.404750511640624033e+00
-5.404750511640624033e+00
-6.134512986058592965e+00
-6.134512986058592965e+00
-6.827787336755663183e+00
-6.827787336755663183e+00
-7.486397969917879536e+00
-7.486397969917879536e+00
-7.976931064523379966e+00
-7.976931064523379966e+00
-7.976931064523379966e+00
-7.976931064523379966e+00
-7.976931064523379966e+00
1.804999999999999938e+00
8.049999999999999378e-01
8.049999999999999378e-01
-1.450000000000001288e-01
-1.450000000000001288e-01
-1.450000000000001288e-01
-1.450000000000001288e-01
-1.450000000000001288e-01
-1.137750000000000039e+00
-1.137750000000000039e+00
-2.080862500000000281e+00
-2.080862500000000281e+00
-2.976819375000000267e+00
-2.976819375000000267e+00
-1.282797840625000063e+01
-1.282797840625000063e+01
-1.363657948593749936e+01
-1.363657948593749936e+01
-1.440475051164062492e+01
-5.404750511640624033e+00
-6.134512986058592965e+00
-6.134512986058592965e+00
-6.827787336755663183e+00
-6.827787336755663183e+00
-7.486397969917879536e+00
-7.486397969917879536e+00
-7.976931064523379966e+00
-7.976931064523379966e+00
-7.976931064523379966e+00
-7.976931064523379966e+00
-7.976931064523379966e+00
1.899999999999999911e+00
8.999999999999999112e-01
8.999999999999999112e-01
8.999999999999999112e-01
8.999999999999999112e-01
-1.450000000000001288e-01
-1.450000000000001288e-01
-1.450000000000001288e-01
-1.137750000000000039e+00
-1.137750000000000039e+00
-2.080862500000000281e+00
-2.080862500000000281e+00
-1.197681937499999982e+01
-1.197681937499999982e+01
-1.282797840625000063e+01
-1.282797840625000063e+01
-1.363657948593749936e+01
-1.363657948593749936e+01
-1.440475051164062492e+01
-1.440475051164062492e+01
-6.134512986058592965e+00
-6.134512986058592965e+00
-6.827787336755663183e+00
-6.827787336755663183e+00
-7.344137962656190233e+00
-7.344137962656190233e+00
-7.344137962656190233e+00
-7.344137962656190233e+00
-7.344137962656190233e+00
-7.344137962656190233e+00
-7.344137962656190233e+00
1.899999999999999911e+00
8.999999999999999112e-01
8.999999999999999112e-01
8.999999999999999112e-01
8.999999999999999112e-01
8.999999999999999112e-01
-1.450000000000001288e-01
-1.450000000000001288e-01
-1.137750000000000039e+00
-1.137750000000000039e+00
-2.080862500000000281e+00
-1.108086250000000028e+01
-1.197681937499999982e+01
-1.197681937499999982e+01
-1.282797840625000063e+01
-1.282797840625000063e+01
-2.218657948593750007e+01
-1.513451298605859208e+01
-1.582778733675566230e+01
-1.513451298605859208e+01
-1.582778733675566230e+01
-6.134512986058592965e+00
-6.827787336755663183e+00
-6.827787336755663183e+00
-7.344137962656190233e+00
-7.344137962656190233e+00
-7.344137962656190233e+00
-7.344137962656190233e+00
-7.344137962656190233e+00
-7.344137962656190233e+00
-7.378194125285002514e+00
1.899999999999999911e+00
2.000000000000000000e+00
2.000000000000000000e+00
8.999999999999999112e-01
8.999999999999999112e-01
8.999999999999999112e-01
-1.450000000000001288e-01
-1.450000000000001288e-01
-1.137750000000000039e+00
-1.137750000000000039e+00
-2.080862500000000281e+00
-1.108086250000000028e+01
-1.197681937499999982e+01
-1.197681937499999982e+01
-2.137797840625000134e+01
-2.137797840625000134e+01
-2.218657948593750007e+01
-2.218657948593750007e+01
-1.582778733675566230e+01
-1.582778733675566230e+01
-1.567803996069072703e+01
-1.567803996069072703e+01
-6.678039960690727028e+00
-6.678039960690727028e+00
-6.678039960690727028e+00
-6.678039960690727028e+00
-6.678039960690727028e+00
-6.678039960690727028e+00
-6.678039960690727028e+00
-6.713888552931582154e+00
-6.713888552931582154e+00
1.899999999999999911e+00
2.000000000000000000e+00
2.000000000000000000e+00
2.000000000000000000e+00
8.999999999999999112e-01
8.999999999999999112e-01
-1.450000000000001288e-01
-1.450000000000001288e-01
-1.137750000000000039e+00
-1.137750000000000039e+00
-1.108086250000000028e+01
-1.108086250000000028e+01
-1.197681937499999982e+01
-2.052681937500000231e+01
-2.137797840625000134e+01
-2.137797840625000134e+01
-2.218657948593750007e+01
-2.218657948593750007e+01
-2.422803996069072596e+01
-1.582778733675566230e+01
-1.567803996069072703e+01
-1.567803996069072703e+01
-6.678039960690727028e+00
-6.678039960690727028e+00
-6.678039960690727028e+00
-6.678039960690727028e+00
-6.678039960690727028e+00
-6.678039960690727028e+00
-6.713888552931582154e+00
-6.713888552931582154e+00
-6.747944715560393547e+00
1.899999999999999911e+00
2.000000000000000000e+00
2.000000000000000000e+00
2.000000000000000000e+00
8.999999999999999112e-01
8.999999999999999112e-01
-1.450000000000001288e-01
-1.450000000000001288e-01
-1.137750000000000039e+00
-1.137750000000000039e+00
-1.108086250000000028e+01
-1.108086250000000028e+01
-1.197681937499999982e+01
-2.052681937500000231e+01
-2.137797840625000134e+01
-2.137797840625000134e+01
-2.503639796991787847e+01
-2.352688416914813274e+01
-2.352688416914813274e+01
-2.352688416914813274e+01
-1.497688416914813381e+01
-1.497688416914813381e+01
-5.976884169148133807e+00
-5.976884169148133807e+00
-5.976884169148133807e+00
-5.976884169148133807e+00
-5.976884169148133807e+00
-6.014619529401665332e+00
-6.014619529401665332e+00
-6.050468121642519570e+00
-6.050468121642519570e+00
1.899999999999999911e+00
2.000000000000000000e+00
2.000000000000000000e+00
2.000000000000000000e+00
8.999999999999999112e-01
8.999999999999999112e-01
-1.450000000000001288e-01
-1.450000000000001288e-01
-1.137750000000000039e+00
-1.137750000000000039e+00
-1.108086250000000028e+01
-1.108086250000000028e+01
-1.197681937499999982e+01
-2.052681937500000231e+01
-2.137797840625000134e+01
-2.137797840625000134e+01
-2.352688416914813274e+01
-2.352688416914813274e+01
-2.352688416914813274e+01
-1.497688416914813381e+01
-1.497688416914813381e+01
-1.497688416914813381e+01
-5.976884169148133807e+00
-5.976884169148133807e+00
-5.976884169148133807e+00
-5.976884169148133807e+00
-6.014619529401665332e+00
-6.014619529401665332e+00
-6.050468121642519570e+00
-6.050468121642519570e+00
-6.084524284271331851e+00
1.899999999999999911e+00
2.000000000000000000e+00
2.000000000000000000e+00
2.000000000000000000e+00
8.999999999999999112e-01
8.999999999999999112e-01
-1.450000000000001288e-01
-1.450000000000001288e-01
-1.137750000000000039e+00
-1.137750000000000039e+00
-1.108086250000000028e+01
-1.108086250000000028e+01
-1.197681937499999982e+01
-2.052681937500000231e+01
-2.137797840625000134e+01
-2.137797840625000134e+01
-2.218657948593750007e+01
-2.218657948593750007e+01
-2.274701340768664437e+01
-1.423882544120856153e+01
-1.423882544120856153e+01
-1.423882544120856153e+01
-5.238825441208562417e+00
-5.238825441208562417e+00
-5.238825441208562417e+00
-5.278546873054384747e+00
-5.278546873054384747e+00
-5.316282233307915384e+00
-5.316282233307915384e+00
-5.352130825548770510e+00
-5.352130825548770510e+00
1.899999999999999911e+00
2.000000000000000000e+00
8.999999999999999112e-01
8.999999999999999112e-01
8.999999999999999112e-01
8.999999999999999112e-01
-1.450000000000001288e-01
-1.450000000000001288e-01
-1.137750000000000039e+00
-1.137750000000000039e+00
-2.080862500000000281e+00
-1.108086250000000028e+01
-1.197681937499999982e+01
-1.197681937499999982e+01
-2.137797840625000134e+01
-2.137797840625000134e+01
-2.218657948593750007e+01
-2.218657948593750007e+01
-1.423882544120856153e+01
-1.423882544120856153e+01
-1.423882544120856153e+01
-5.238825441208562417e+00
-5.238825441208562417e+00
-5.238825441208562417e+00
-5.278546873054384747e+00
-5.278546873054384747e+00
-5.316282233307915384e+00
-5.316282233307915384e+00
-5.352130825548770510e+00
-5.352130825548770510e+00
-5.386186988177581014e+00
1.899999999999999911e+00
8.999999999999999112e-01
8.999999999999999112e-01
8.999999999999999112e-01
8.999999999999999112e-01
8.999999999999999112e-01
-1.450000000000001288e-01
-1.450000000000001288e-01
-1.137750000000000039e+00
-1.137750000000000039e+00
-2.080862500000000281e+00
-1.108086250000000028e+01
-1.197681937499999982e+01
-1.197681937499999982e+01
-1.282797840625000063e+01
-1.282797840625000063e+01
-1.341790885019646851e+01
-1.346192151706164530e+01
-1.341790885019646851e+01
-1.346192151706164530e+01
-1.341790885019646851e+01
-4.461921517061645304e+00
-4.461921517061645304e+00
-4.503733550583563172e+00
-4.503733550583563172e+00
-4.543454982429384614e+00
-4.543454982429384614e+00
-4.581190342682916139e+00
-4.581190342682916139e+00
-4.617038934923769489e+00
-4.617038934923769489e+00
1.804999999999999938e+00
8.999999999999999112e-01
8.999999999999999112e-01
8.999999999999999112e-01
-1.450000000000001288e-01
-1.450000000000001288e-01
-1.450000000000001288e-01
-1.450000000000001288e-01
-1.137750000000000039e+00
-1.137750000000000039e+00
-2.080862500000000281e+00
-2.080862500000000281e+00
-1.197681937499999982e+01
-1.197681937499999982e+01
-1.282797840625000063e+01
-1.282797840625000063e+01
-1.337157972718049415e+01
-1.337157972718049415e+01
-1.341790885019646851e+01
-1.341790885019646851e+01
-4.461921517061645304e+00
-4.461921517061645304e+00
-4.503733550583563172e+00
-4.503733550583563172e+00
-4.543454982429384614e+00
-4.543454982429384614e+00
-4.581190342682916139e+00
-4.581190342682916139e+00
-4.617038934923769489e+00
-4.617038934923769489e+00
-4.651095097552581770e+00
1.804999999999999938e+00
7.147499999999997744e-01
8.049999999999999378e-01
-1.450000000000001288e-01
-1.450000000000001288e-01
-1.450000000000001288e-01
-1.450000000000001288e-01
-1.450000000000001288e-01
-1.137750000000000039e+00
-1.137750000000000039e+00
-2.080862500000000281e+00
-2.080862500000000281e+00
-2.976819375000000267e+00
-2.976819375000000267e+00
-1.249769708344098973e+01
-1.254903129176894083e+01
-1.254903129176894083e+01
-1.259779878968049260e+01
-3.597798789680493492e+00
-3.644127912696469185e+00
-3.644127912696469185e+00
-3.688140579561645538e+00
-3.688140579561645538e+00
-3.729952613083562962e+00
-3.729952613083562962e+00
-3.769674044929385293e+00
-3.769674044929385293e+00
-3.807409405182915929e+00
-3.807409405182915929e+00
-3.843257997423770611e+00
-3.843257997423770611e+00
1.714749999999999774e+00
7.147499999999997744e-01
7.147499999999997744e-01
-1.450000000000001288e-01
-1.450000000000001288e-01
-1.450000000000001288e-01
-1.137750000000000039e+00
-1.137750000000000039e+00
-1.137750000000000039e+00
-1.137750000000000039e+00
-2.080862500000000281e+00
-2.080862500000000281e+00
-2.976819375000000267e+00
-2.976819375000000267e+00
-3.549031291768940832e+00
-3.549031291768940832e+00
-3.597798789680493492e+00
-3.597798789680493492e+00
-3.644127912696469185e+00
-3.644127912696469185e+00
-3.688140579561645538e+00
-3.688140579561645538e+00
-3.729952613083562962e+00
-3.729952613083562962e+00
-3.769674044929385293e+00
-3.769674044929385293e+00
-3.807409405182915929e+00
-3.807409405182915929e+00
-3.843257997423770611e+00
-3.843257997423770611e+00
-3.877314160052581560e+00
1.714749999999999774e+00
6.290124999999997524e-01
7.147499999999997744e-01
-1.450000000000001288e-01
-2.352500000000000702e-01
-1.137750000000000039e+00
-1.137750000000000039e+00
-1.137750000000000039e+00
-1.137750000000000039e+00
-1.137750000000000039e+00
-2.080862500000000281e+00
-2.080862500000000281e+00
-2.629154824674726498e+00
-2.683190833440990630e+00
-2.683190833440990630e+00
-2.734525041768940845e+00
-2.734525041768940845e+00
-2.783292539680493949e+00
-2.783292539680493949e+00
-2.829621662696469198e+00
-2.829621662696469198e+00
-2.873634329561645551e+00
-2.873634329561645551e+00
-2.915446363083563419e+00
-2.915446363083563419e+00
-2.955167794929385305e+00
-2.955167794929385305e+00
-2.992903155182916386e+00
-2.992903155182916386e+00
-3.028751747423770180e+00
-3.028751747423770180e+00
1.629012499999999752e+00
6.290124999999997524e-01
6.290124999999997524e-01
-3.209875000000002032e-01
-3.209875000000002032e-01
-1.137750000000000039e+00
-1.137750000000000039e+00
-1.137750000000000039e+00
-2.080862500000000281e+00
-2.080862500000000281e+00
-2.080862500000000281e+00
-2.080862500000000281e+00
-2.683190833440990630e+00
-2.683190833440990630e+00
-2.734525041768940845e+00
-2.734525041768940845e+00
-2.783292539680493949e+00
-2.783292539680493949e+00
-2.829621662696469198e+00
-2.829621662696469198e+00
-2.873634329561645551e+00
-2.873634329561645551e+00
-2.915446363083563419e+00
-2.915446363083563419e+00
-2.955167794929385305e+00
-2.955167794929385305e+00
-2.992903155182916386e+00
-2.992903155182916386e+00
-3.028751747423770180e+00
-3.028751747423770180e+00
-3.062807910052581573e+00
1.629012499999999752e+00
5.475618749999997537e-01
6.290124999999997524e-01
-4.024381250000003130e-01
-3.209875000000002032e-01
-1.137750000000000039e+00
-1.223487500000000061e+00
-1.714899815447080700e+00
-1.655026121523242688e+00
-1.714899815447080700e+00
-1.714899815447080700e+00
-1.771779824674726722e+00
-1.771779824674726722e+00
-1.825815833440990410e+00
-1.825815833440990410e+00
-1.877150041768941069e+00
-1.877150041768941069e+00
-1.925917539680493951e+00
-1.925917539680493951e+00
-1.972246662696469421e+00
-1.972246662696469421e+00
-2.016259329561645774e+00
-2.016259329561645774e+00
-2.058071363083563643e+00
-2.058071363083563643e+00
-2.097792794929385529e+00
-2.097792794929385529e+00
-2.135528155182916166e+00
-2.135528155182916166e+00
-2.171376747423770404e+00
-2.171376747423770404e+00
1.547561874999999754e+00
5.475618749999997537e-01
5.475618749999997537e-01
-4.024381250000003130e-01
-4.024381250000003130e-01
-1.304938125000000060e+00
-1.304938125000000060e+00
-1.655026121523242688e+00
-1.714899815447080700e+00
-1.714899815447080700e+00
-1.771779824674726722e+00
-1.771779824674726722e+00
-1.825815833440990410e+00
-1.825815833440990410e+00
-1.877150041768941069e+00
-1.877150041768941069e+00
-1.925917539680493951e+00
-1.925917539680493951e+00
-1.972246662696469421e+00
-1.972246662696469421e+00
-2.016259329561645774e+00
-2.016259329561645774e+00
-2.058071363083563643e+00
-2.058071363083563643e+00
-2.097792794929385529e+00
-2.097792794929385529e+00
-2.135528155182916166e+00
-2.135528155182916166e+00
-2.171376747423770404e+00
-2.171376747423770404e+00
-2.205432910052581796e+00
1.547561874999999754e+00
4.701837812499995994e-01
5.475618749999997537e-01
-4.798162187500002451e-01
-4.024381250000003130e-01
-7.525261215232428302e-01
-6.895011805507818003e-01
-7.525261215232428302e-01
-7.525261215232428302e-01
-8.123998154470807309e-01
-8.123998154470807309e-01
-8.692798246747268642e-01
-8.692798246747268642e-01
-9.233158334409905521e-01
-9.233158334409905521e-01
-9.746500417689411000e-01
-9.746500417689411000e-01
-1.023417539680494093e+00
-1.023417539680494093e+00
-1.069746662696469341e+00
-1.069746662696469341e+00
-1.113759329561645917e+00
-1.113759329561645917e+00
-1.155571363083563785e+00
-1.155571363083563785e+00
-1.195292794929385671e+00
-1.195292794929385671e+00
-1.233028155182916308e+00
-1.233028155182916308e+00
-1.268876747423770546e+00
-1.268876747423770546e+00
1.470183781249999599e+00
4.701837812499995994e-01
4.701837812499995994e-01
-4.798162187500002451e-01
-4.798162187500002451e-01
-6.895011805507818003e-01
-7.525261215232428302e-01
-7.525261215232428302e-01
-8.123998154470807309e-01
-8.123998154470807309e-01
-8.692798246747268642e-01
-8.692798246747268642e-01
-9.233158334409905521e-01
-9.233158334409905521e-01
-9.746500417689411000e-01
-9.746500417689411000e-01
-1.023417539680494093e+00
-1.023417539680494093e+00
-1.069746662696469341e+00
-1.069746662696469341e+00
-1.113759329561645917e+00
-1.113759329561645917e+00
-1.155571363083563785e+00
-1.155571363083563785e+00
-1.195292794929385671e+00
-1.195292794929385671e+00
-1.233028155182916308e+00
-1.233028155182916308e+00
-1.268876747423770546e+00
-1.268876747423770546e+00
-1.302932910052582161e+00
1.470183781249999599e+00
3.966745921874994529e-01
4.701837812499995994e-01
2.604988194492181552e-01
3.268408625781245025e-01
2.604988194492181552e-01
2.604988194492181552e-01
1.974738784767571254e-01
1.974738784767571254e-01
1.376001845529191137e-01
1.376001845529191137e-01
8.072017532527309136e-02
8.072017532527309136e-02
2.668416655900940349e-02
2.668416655900940349e-02
-2.465004176894114440e-02
-2.465004176894114440e-02
-7.341753968049413714e-02
-7.341753968049413714e-02
-1.197466626964694969e-01
-1.197466626964694969e-01
-1.637593295616460720e-01
-1.637593295616460720e-01
-2.055713630835638295e-01
-2.055713630835638295e-01
-2.452927949293857157e-01
-2.452927949293857157e-01
-2.830281551829164632e-01
-2.830281551829164632e-01
-3.188767474237707011e-01
-3.188767474237707011e-01
1.396674592187499453e+00
3.966745921874994529e-01
3.966745921874994529e-01
3.268408625781245025e-01
2.604988194492181552e-01
2.604988194492181552e-01
1.974738784767571254e-01
1.974738784767571254e-01
1.376001845529191137e-01
1.376001845529191137e-01
8.072017532527309136e-02
8.072017532527309136e-02
2.668416655900940349e-02
2.668416655900940349e-02
-2.465004176894114440e-02
-2.465004176894114440e-02
-7.341753968049413714e-02
-7.341753968049413714e-02
-1.197466626964694969e-01
-1.197466626964694969e-01
-1.637593295616460720e-01
-1.637593295616460720e-01
-2.055713630835638295e-01
-2.055713630835638295e-01
-2.452927949293857157e-01
-2.452927949293857157e-01
-2.830281551829164632e-01
-2.830281551829164632e-01
-3.188767474237707011e-01
-3.188767474237707011e-01
-3.529329100525822049e-01
1.396674592187499453e+00
1.326840862578124502e+00
1.396674592187499453e+00
1.326840862578124502e+00
1.326840862578124502e+00
1.260498819449218155e+00
1.260498819449218155e+00
1.197473878476757125e+00
1.197473878476757125e+00
1.137600184552919114e+00
1.137600184552919114e+00
1.080720175325273091e+00
1.080720175325273091e+00
1.026684166559009403e+00
1.026684166559009403e+00
9.753499582310588556e-01
9.753499582310588556e-01
9.265824603195058629e-01
9.265824603195058629e-01
8.802533373035305031e-01
8.802533373035305031e-01
8.362406704383539280e-01
8.362406704383539280e-01
7.944286369164361705e-01
7.944286369164361705e-01
7.547072050706142843e-01
7.547072050706142843e-01
7.169718448170835368e-01
7.169718448170835368e-01
6.811232525762292989e-01
6.811232525762292989e-01
