2.165624999999999911e-01
0.000000000000000000e+00
2.618750000000000244e-01
1.000000000000000000e+00
1.000000000000000000e+00
8.449999999999999734e-01
9.015625000000000444e-01
4.659375000000000044e-01
4.468749999999999806e-02
6.296874999999999556e-01
0.000000000000000000e+00
0.000000000000000000e+00
0.000000000000000000e+00
0.000000000000000000e+00
7.928125000000000311e-01
0.000000000000000000e+00
7.743750000000000355e-01
2.309374999999999900e-01
2.715624999999999845e-01
4.656250000000000111e-01
0.000000000000000000e+00
4.053125000000000200e-01
6.093749999999999861e-02
2.762499999999999956e-01
0.000000000000000000e+00
0.000000000000000000e+00
9.021875000000000311e-01
9.146874999999999867e-01
9.234375000000000222e-01
1.000000000000000000e+00
4.000000000000000083e-02
3.084374999999999756e-01
0.000000000000000000e+00
1.424999999999999878e-01
7.712499999999999911e-01
1.281249999999999889e-01
2.993750000000000022e-01
3.434375000000000067e-01
0.000000000000000000e+00
0.000000000000000000e+00
0.000000000000000000e+00
7.253125000000000266e-01
2.884375000000000133e-01
0.000000000000000000e+00
0.000000000000000000e+00
5.574999999999999956e-01
6.975000000000000089e-01
4.271874999999999978e-01
2.159375000000000044e-01
0.000000000000000000e+00
0.000000000000000000e+00
8.890624999999999778e-01
9.449999999999999512e-01
0.000000000000000000e+00
6.996875000000000178e-01
0.000000000000000000e+00
0.000000000000000000e+00
0.000000000000000000e+00
0.000000000000000000e+00
0.000000000000000000e+00
0.000000000000000000e+00
0.000000000000000000e+00
0.000000000000000000e+00
0.000000000000000000e+00
6.334374999999999867e-01
0.000000000000000000e+00
7.453125000000000444e-01
9.309374999999999734e-01
1.259375000000000078e-01
7.456249999999999822e-01
0.000000000000000000e+00
2.074999999999999900e-01
5.009375000000000355e-01
8.862499999999999822e-01
0.000000000000000000e+00
0.000000000000000000e+00
0.000000000000000000e+00
0.000000000000000000e+00
0.000000000000000000e+00
0.000000000000000000e+00
0.000000000000000000e+00
0.000000000000000000e+00
0.000000000000000000e+00
5.437499999999999972e-02
0.000000000000000000e+00
0.000000000000000000e+00
0.000000000000000000e+00
0.000000000000000000e+00
3.846875000000000155e-01
7.075000000000000178e-01
1.000000000000000000e+00
1.000000000000000000e+00
6.381250000000000533e-01
2.703125000000000111e-01
6.531249999999999556e-02
9.284375000000000266e-01
1.000000000000000000e+00
6.324999999999999512e-01
8.312500000000000444e-01
0.000000000000000000e+00
0.000000000000000000e+00
0.000000000000000000e+00
0.000000000000000000e+00
1.281249999999999924e-02
0.000000000000000000e+00
8.312500000000000444e-01
0.000000000000000000e+00
0.000000000000000000e+00
0.000000000000000000e+00
0.000000000000000000e+00
0.000000000000000000e+00
0.000000000000000000e+00
8.000000000000000444e-01
2.218749999999999889e-02
7.612499999999999822e-01
1.000000000000000000e+00
1.000000000000000000e+00
4.881249999999999756e-01
0.000000000000000000e+00
0.000000000000000000e+00
1.000000000000000000e+00
1.000000000000000000e+00
5.621874999999999512e-01
0.000000000000000000e+00
0.000000000000000000e+00
1.346874999999999878e-01
0.000000000000000000e+00
4.425000000000000044e-01
0.000000000000000000e+00
2.459375000000000033e-01
5.165625000000000355e-01
0.000000000000000000e+00
8.312500000000000444e-02
0.000000000000000000e+00
0.000000000000000000e+00
0.000000000000000000e+00
0.000000000000000000e+00
7.425000000000000488e-01
0.000000000000000000e+00
0.000000000000000000e+00
1.968750000000000014e-02
0.000000000000000000e+00
0.000000000000000000e+00
2.293749999999999956e-01
7.974999999999999867e-01
8.525000000000000355e-01
0.000000000000000000e+00
0.000000000000000000e+00
0.000000000000000000e+00
0.000000000000000000e+00
1.359374999999999889e-01
3.109374999999999778e-01
0.000000000000000000e+00
0.000000000000000000e+00
7.509375000000000355e-01
7.928125000000000311e-01
1.000000000000000000e+00
8.321874999999999689e-01
0.000000000000000000e+00
0.000000000000000000e+00
0.000000000000000000e+00
0.000000000000000000e+00
0.000000000000000000e+00
1.546875000000000056e-01
0.000000000000000000e+00
0.000000000000000000e+00
0.000000000000000000e+00
3.956250000000000044e-01
0.000000000000000000e+00
2.399999999999999911e-01
0.000000000000000000e+00
0.000000000000000000e+00
0.000000000000000000e+00
0.000000000000000000e+00
6.375000000000000111e-02
2.653125000000000067e-01
3.128124999999999933e-01
0.000000000000000000e+00
7.093750000000000056e-02
1.000000000000000000e+00
1.000000000000000000e+00
1.000000000000000000e+00
5.799999999999999600e-01
0.000000000000000000e+00
0.000000000000000000e+00
0.000000000000000000e+00
4.156250000000000222e-02
0.000000000000000000e+00
0.000000000000000000e+00
2.843750000000000097e-02
0.000000000000000000e+00
0.000000000000000000e+00
5.812500000000000305e-02
0.000000000000000000e+00
8.156249999999999611e-02
0.000000000000000000e+00
0.000000000000000000e+00
0.000000000000000000e+00
0.000000000000000000e+00
7.159375000000000044e-01
0.000000000000000000e+00
9.440625000000000266e-01
2.200000000000000011e-01
7.987499999999999600e-01
1.000000000000000000e+00
9.490625000000000311e-01
3.112500000000000266e-01
0.000000000000000000e+00
6.187499999999999944e-02
0.000000000000000000e+00
0.000000000000000000e+00
0.000000000000000000e+00
0.000000000000000000e+00
0.000000000000000000e+00
6.893749999999999600e-01
1.565624999999999933e-01
9.165624999999999467e-01
1.015625000000000000e-01
4.471875000000000155e-01
0.000000000000000000e+00
0.000000000000000000e+00
0.000000000000000000e+00
0.000000000000000000e+00
0.000000000000000000e+00
0.000000000000000000e+00
1.384374999999999911e-01
0.000000000000000000e+00
0.000000000000000000e+00
0.000000000000000000e+00
0.000000000000000000e+00
8.459375000000000089e-01
0.000000000000000000e+00
0.000000000000000000e+00
0.000000000000000000e+00
0.000000000000000000e+00
0.000000000000000000e+00
0.000000000000000000e+00
2.487499999999999989e-01
0.000000000000000000e+00
5.846875000000000266e-01
4.168749999999999956e-01
0.000000000000000000e+00
1.900000000000000022e-01
7.796874999999999778e-01
0.000000000000000000e+00
8.368750000000000355e-01
3.871875000000000178e-01
0.000000000000000000e+00
0.000000000000000000e+00
0.000000000000000000e+00
0.000000000000000000e+00
0.000000000000000000e+00
0.000000000000000000e+00
0.000000000000000000e+00
0.000000000000000000e+00
0.000000000000000000e+00
0.000000000000000000e+00
0.000000000000000000e+00
1.831250000000000100e-01
4.531249999999999861e-02
0.000000000000000000e+00
4.968750000000000250e-02
0.000000000000000000e+00
4.309374999999999734e-01
1.124999999999999958e-02
0.000000000000000000e+00
2.634374999999999911e-01
4.968750000000000250e-02
0.000000000000000000e+00
0.000000000000000000e+00
0.000000000000000000e+00
0.000000000000000000e+00
0.000000000000000000e+00
8.781250000000000444e-01
1.878124999999999933e-01
0.000000000000000000e+00
0.000000000000000000e+00
1.309375000000000122e-01
4.956249999999999822e-01
0.000000000000000000e+00
0.000000000000000000e+00
0.000000000000000000e+00
0.000000000000000000e+00
0.000000000000000000e+00
2.478124999999999911e-01
0.000000000000000000e+00
3.343749999999999778e-01
0.000000000000000000e+00
0.000000000000000000e+00
0.000000000000000000e+00
0.000000000000000000e+00
0.000000000000000000e+00
5.803125000000000089e-01
0.000000000000000000e+00
3.615625000000000089e-01
0.000000000000000000e+00
5.649999999999999467e-01
0.000000000000000000e+00
5.468750000000000000e-02
2.315625000000000044e-01
0.000000000000000000e+00
0.000000000000000000e+00
6.584375000000000089e-01
0.000000000000000000e+00
2.181250000000000133e-01
0.000000000000000000e+00
0.000000000000000000e+00
0.000000000000000000e+00
0.000000000000000000e+00
0.000000000000000000e+00
0.000000000000000000e+00
0.000000000000000000e+00
2.621875000000000178e-01
0.000000000000000000e+00
0.000000000000000000e+00
8.375000000000000500e-02
0.000000000000000000e+00
0.000000000000000000e+00
0.000000000000000000e+00
0.000000000000000000e+00
0.000000000000000000e+00
0.000000000000000000e+00
0.000000000000000000e+00
0.000000000000000000e+00
7.881249999999999645e-01
0.000000000000000000e+00
0.000000000000000000e+00
4.415625000000000244e-01
0.000000000000000000e+00
0.000000000000000000e+00
8.900000000000000133e-01
0.000000000000000000e+00
1.868750000000000133e-01
0.000000000000000000e+00
0.000000000000000000e+00
0.000000000000000000e+00
3.900000000000000133e-01
2.115624999999999867e-01
4.240625000000000089e-01
5.875000000000000222e-01
0.000000000000000000e+00
1.959374999999999867e-01
0.000000000000000000e+00
8.365624999999999867e-01
3.959374999999999978e-01
0.000000000000000000e+00
4.693749999999999867e-01
0.000000000000000000e+00
0.000000000000000000e+00
6.796875000000000000e-01
0.000000000000000000e+00
3.265624999999999778e-01
0.000000000000000000e+00
0.000000000000000000e+00
0.000000000000000000e+00
0.000000000000000000e+00
0.000000000000000000e+00
0.000000000000000000e+00
0.000000000000000000e+00
0.000000000000000000e+00
0.000000000000000000e+00
1.781249999999999847e-02
0.000000000000000000e+00
0.000000000000000000e+00
0.000000000000000000e+00
0.000000000000000000e+00
0.000000000000000000e+00
2.006249999999999978e-01
1.896875000000000089e-01
0.000000000000000000e+00
0.000000000000000000e+00
0.000000000000000000e+00
9.799999999999999822e-01
0.000000000000000000e+00
0.000000000000000000e+00
1.765625000000000111e-01
8.518750000000000488e-01
8.956250000000000044e-01
0.000000000000000000e+00
2.500000000000000052e-03
1.012500000000000067e-01
0.000000000000000000e+00
0.000000000000000000e+00
0.000000000000000000e+00
0.000000000000000000e+00
0.000000000000000000e+00
3.868750000000000244e-01
1.987500000000000100e-01
1.096874999999999933e-01
8.668749999999999512e-01
1.184375000000000011e-01
1.537499999999999978e-01
0.000000000000000000e+00
0.000000000000000000e+00
0.000000000000000000e+00
1.650000000000000078e-01
0.000000000000000000e+00
3.843749999999999944e-02
0.000000000000000000e+00
1.000000000000000000e+00
1.000000000000000000e+00
1.000000000000000000e+00
0.000000000000000000e+00
0.000000000000000000e+00
0.000000000000000000e+00
5.137500000000000400e-01
0.000000000000000000e+00
0.000000000000000000e+00
0.000000000000000000e+00
2.937500000000000111e-01
7.562499999999999778e-02
5.550000000000000488e-01
5.612500000000000266e-01
1.312499999999999951e-02
0.000000000000000000e+00
0.000000000000000000e+00
5.184374999999999956e-01
5.078125000000000000e-01
0.000000000000000000e+00
8.084375000000000311e-01
0.000000000000000000e+00
0.000000000000000000e+00
2.778125000000000178e-01
3.121875000000000067e-01
1.000000000000000000e+00
9.309374999999999734e-01
0.000000000000000000e+00
0.000000000000000000e+00
8.090625000000000178e-01
0.000000000000000000e+00
0.000000000000000000e+00
0.000000000000000000e+00
0.000000000000000000e+00
2.687499999999999958e-02
6.137500000000000178e-01
1.000000000000000000e+00
1.000000000000000000e+00
1.000000000000000000e+00
7.624999999999999833e-02
0.000000000000000000e+00
0.000000000000000000e+00
6.093749999999999861e-02
0.000000000000000000e+00
4.662499999999999978e-01
2.281249999999999944e-02
3.896875000000000200e-01
7.656250000000000555e-02
7.931249999999999689e-01
1.000000000000000000e+00
0.000000000000000000e+00
0.000000000000000000e+00
9.993750000000000133e-01
1.000000000000000000e+00
1.884375000000000078e-01
2.675000000000000155e-01
0.000000000000000000e+00
0.000000000000000000e+00
0.000000000000000000e+00
2.049999999999999878e-01
1.000000000000000000e+00
6.981249999999999956e-01
1.000000000000000000e+00
4.224999999999999867e-01
0.000000000000000000e+00
0.000000000000000000e+00
0.000000000000000000e+00
0.000000000000000000e+00
0.000000000000000000e+00
0.000000000000000000e+00
5.031250000000000305e-02
5.312500000000000382e-03
6.643750000000000488e-01
8.540624999999999467e-01
9.187499999999999556e-01
2.428124999999999867e-01
5.546875000000000000e-01
1.000000000000000000e+00
4.268750000000000044e-01
0.000000000000000000e+00
0.000000000000000000e+00
3.718749999999999833e-02
0.000000000000000000e+00
9.690625000000000488e-01
9.274999999999999911e-01
1.000000000000000000e+00
5.990625000000000533e-01
0.000000000000000000e+00
0.000000000000000000e+00
0.000000000000000000e+00
0.000000000000000000e+00
1.978125000000000022e-01
0.000000000000000000e+00
0.000000000000000000e+00
0.000000000000000000e+00
1.300000000000000044e-01
7.015624999999999778e-01
8.790624999999999689e-01
1.000000000000000000e+00
0.000000000000000000e+00
9.012499999999999956e-01
1.000000000000000000e+00
7.700000000000000178e-01
0.000000000000000000e+00
0.000000000000000000e+00
2.428124999999999867e-01
6.274999999999999467e-01
8.999999999999999667e-02
8.134375000000000355e-01
3.206249999999999933e-01
3.471874999999999822e-01
6.234374999999999778e-01
0.000000000000000000e+00
0.000000000000000000e+00
2.187500000000000208e-03
5.203124999999999556e-01
0.000000000000000000e+00
0.000000000000000000e+00
0.000000000000000000e+00
0.000000000000000000e+00
1.493750000000000078e-01
7.475000000000000533e-01
0.000000000000000000e+00
2.184375000000000067e-01
1.000000000000000000e+00
1.000000000000000000e+00
0.000000000000000000e+00
0.000000000000000000e+00
0.000000000000000000e+00
8.637500000000000178e-01
1.421874999999999944e-01
4.353124999999999911e-01
0.000000000000000000e+00
0.000000000000000000e+00
8.468749999999999889e-02
5.718750000000000222e-02
5.062500000000000333e-02
0.000000000000000000e+00
3.618750000000000022e-01
0.000000000000000000e+00
1.840624999999999900e-01
0.000000000000000000e+00
9.843749999999999722e-02
0.000000000000000000e+00
0.000000000000000000e+00
0.000000000000000000e+00
0.000000000000000000e+00
1.562500000000000000e-02
0.000000000000000000e+00
0.000000000000000000e+00
0.000000000000000000e+00
0.000000000000000000e+00
0.000000000000000000e+00
6.156249999999999917e-02
5.106249999999999956e-01
1.878124999999999933e-01
0.000000000000000000e+00
3.531249999999999667e-02
3.437500000000000278e-02
3.775000000000000022e-01
4.625000000000000222e-01
5.859375000000000000e-01
0.000000000000000000e+00
0.000000000000000000e+00
0.000000000000000000e+00
0.000000000000000000e+00
1.731250000000000011e-01
0.000000000000000000e+00
3.975000000000000200e-01
3.749999999999999861e-03
0.000000000000000000e+00
0.000000000000000000e+00
0.000000000000000000e+00
0.000000000000000000e+00
9.937500000000000500e-02
0.000000000000000000e+00
0.000000000000000000e+00
