0.000000000000000000e+00
0.000000000000000000e+00
1.000000000000000000e+00
7.587500000000000355e-01
9.196874999999999911e-01
8.581250000000000266e-01
4.625000000000000222e-01
1.874999999999999931e-03
3.340624999999999845e-01
7.475000000000000533e-01
0.000000000000000000e+00
0.000000000000000000e+00
3.537500000000000089e-01
0.000000000000000000e+00
4.759375000000000133e-01
2.103125000000000133e-01
4.190625000000000044e-01
1.418750000000000011e-01
2.762499999999999956e-01
2.465624999999999900e-01
0.000000000000000000e+00
0.000000000000000000e+00
0.000000000000000000e+00
1.218749999999999972e-01
0.000000000000000000e+00
0.000000000000000000e+00
0.000000000000000000e+00
9.221875000000000488e-01
9.290625000000000133e-01
9.134375000000000133e-01
0.000000000000000000e+00
0.000000000000000000e+00
0.000000000000000000e+00
7.659375000000000488e-01
0.000000000000000000e+00
0.000000000000000000e+00
0.000000000000000000e+00
6.750000000000000444e-02
0.000000000000000000e+00
0.000000000000000000e+00
0.000000000000000000e+00
1.693749999999999978e-01
2.709374999999999978e-01
7.359375000000000222e-01
0.000000000000000000e+00
1.093749999999999931e-02
7.125000000000000222e-01
3.515625000000000000e-01
0.000000000000000000e+00
0.000000000000000000e+00
4.937500000000000222e-02
3.275000000000000133e-01
3.400000000000000244e-01
3.028124999999999845e-01
0.000000000000000000e+00
0.000000000000000000e+00
0.000000000000000000e+00
0.000000000000000000e+00
0.000000000000000000e+00
0.000000000000000000e+00
0.000000000000000000e+00
0.000000000000000000e+00
0.000000000000000000e+00
0.000000000000000000e+00
1.749999999999999889e-01
1.031250000000000049e-02
0.000000000000000000e+00
8.549999999999999822e-01
5.000000000000000104e-03
0.000000000000000000e+00
0.000000000000000000e+00
0.000000000000000000e+00
2.471875000000000044e-01
0.000000000000000000e+00
0.000000000000000000e+00
0.000000000000000000e+00
0.000000000000000000e+00
0.000000000000000000e+00
0.000000000000000000e+00
0.000000000000000000e+00
0.000000000000000000e+00
0.000000000000000000e+00
0.000000000000000000e+00
0.000000000000000000e+00
0.000000000000000000e+00
0.000000000000000000e+00
0.000000000000000000e+00
0.000000000000000000e+00
3.634375000000000244e-01
0.000000000000000000e+00
1.000000000000000000e+00
9.599999999999999645e-01
8.021875000000000533e-01
7.528124999999999956e-01
6.062499999999999833e-02
0.000000000000000000e+00
7.321874999999999911e-01
6.537500000000000533e-01
8.096875000000000044e-01
0.000000000000000000e+00
0.000000000000000000e+00
0.000000000000000000e+00
0.000000000000000000e+00
1.062500000000000076e-02
0.000000000000000000e+00
8.750000000000000833e-03
0.000000000000000000e+00
0.000000000000000000e+00
0.000000000000000000e+00
0.000000000000000000e+00
0.000000000000000000e+00
0.000000000000000000e+00
0.000000000000000000e+00
3.950000000000000178e-01
7.793750000000000400e-01
1.000000000000000000e+00
1.000000000000000000e+00
0.000000000000000000e+00
0.000000000000000000e+00
0.000000000000000000e+00
7.950000000000000400e-01
5.799999999999999600e-01
1.781249999999999847e-02
0.000000000000000000e+00
0.000000000000000000e+00
1.234375000000000056e-01
0.000000000000000000e+00
0.000000000000000000e+00
0.000000000000000000e+00
2.275000000000000078e-01
2.721875000000000266e-01
0.000000000000000000e+00
0.000000000000000000e+00
0.000000000000000000e+00
0.000000000000000000e+00
0.000000000000000000e+00
0.000000000000000000e+00
0.000000000000000000e+00
4.931249999999999800e-01
0.000000000000000000e+00
0.000000000000000000e+00
0.000000000000000000e+00
1.781249999999999847e-02
0.000000000000000000e+00
0.000000000000000000e+00
2.565625000000000266e-01
1.103124999999999939e-01
5.656250000000000167e-02
1.874999999999999931e-03
0.000000000000000000e+00
0.000000000000000000e+00
0.000000000000000000e+00
2.281249999999999944e-02
0.000000000000000000e+00
6.328125000000000000e-01
3.015625000000000111e-01
1.000000000000000000e+00
0.000000000000000000e+00
0.000000000000000000e+00
0.000000000000000000e+00
0.000000000000000000e+00
0.000000000000000000e+00
0.000000000000000000e+00
1.415625000000000078e-01
0.000000000000000000e+00
0.000000000000000000e+00
2.375000000000000028e-02
1.312500000000000056e-01
0.000000000000000000e+00
0.000000000000000000e+00
5.000000000000000104e-03
2.634374999999999911e-01
3.728124999999999911e-01
0.000000000000000000e+00
1.000000000000000000e+00
0.000000000000000000e+00
4.240625000000000089e-01
0.000000000000000000e+00
0.000000000000000000e+00
1.000000000000000000e+00
8.459375000000000089e-01
1.000000000000000000e+00
0.000000000000000000e+00
0.000000000000000000e+00
0.000000000000000000e+00
0.000000000000000000e+00
3.874999999999999972e-02
1.537499999999999978e-01
0.000000000000000000e+00
2.593749999999999875e-02
0.000000000000000000e+00
0.000000000000000000e+00
0.000000000000000000e+00
0.000000000000000000e+00
0.000000000000000000e+00
0.000000000000000000e+00
4.509374999999999911e-01
0.000000000000000000e+00
0.000000000000000000e+00
1.790625000000000133e-01
0.000000000000000000e+00
2.584374999999999867e-01
0.000000000000000000e+00
4.453125000000000000e-01
9.475000000000000089e-01
4.665624999999999911e-01
4.099999999999999756e-01
0.000000000000000000e+00
5.843750000000000333e-02
0.000000000000000000e+00
0.000000000000000000e+00
6.978124999999999467e-01
0.000000000000000000e+00
0.000000000000000000e+00
0.000000000000000000e+00
0.000000000000000000e+00
2.453124999999999889e-01
0.000000000000000000e+00
0.000000000000000000e+00
0.000000000000000000e+00
0.000000000000000000e+00
3.371874999999999734e-01
0.000000000000000000e+00
1.290624999999999967e-01
0.000000000000000000e+00
0.000000000000000000e+00
0.000000000000000000e+00
2.512499999999999734e-01
0.000000000000000000e+00
0.000000000000000000e+00
1.115624999999999950e-01
0.000000000000000000e+00
2.734375000000000000e-01
0.000000000000000000e+00
0.000000000000000000e+00
0.000000000000000000e+00
0.000000000000000000e+00
2.300000000000000100e-01
0.000000000000000000e+00
0.000000000000000000e+00
1.290624999999999967e-01
0.000000000000000000e+00
0.000000000000000000e+00
0.000000000000000000e+00
0.000000000000000000e+00
3.121875000000000067e-01
9.906249999999999778e-02
0.000000000000000000e+00
9.156250000000000500e-02
0.000000000000000000e+00
0.000000000000000000e+00
0.000000000000000000e+00
0.000000000000000000e+00
3.515625000000000000e-01
0.000000000000000000e+00
0.000000000000000000e+00
0.000000000000000000e+00
0.000000000000000000e+00
0.000000000000000000e+00
0.000000000000000000e+00
0.000000000000000000e+00
0.000000000000000000e+00
0.000000000000000000e+00
7.031250000000000000e-02
0.000000000000000000e+00
1.890624999999999944e-01
0.000000000000000000e+00
9.968749999999999556e-01
0.000000000000000000e+00
2.518750000000000155e-01
5.324999999999999734e-01
6.646874999999999867e-01
0.000000000000000000e+00
4.443750000000000200e-01
0.000000000000000000e+00
0.000000000000000000e+00
0.000000000000000000e+00
1.196875000000000022e-01
0.000000000000000000e+00
0.000000000000000000e+00
0.000000000000000000e+00
0.000000000000000000e+00
0.000000000000000000e+00
0.000000000000000000e+00
0.000000000000000000e+00
0.000000000000000000e+00
0.000000000000000000e+00
0.000000000000000000e+00
3.493749999999999911e-01
5.503124999999999822e-01
0.000000000000000000e+00
0.000000000000000000e+00
0.000000000000000000e+00
0.000000000000000000e+00
6.359375000000000444e-01
0.000000000000000000e+00
0.000000000000000000e+00
0.000000000000000000e+00
5.187499999999999750e-02
0.000000000000000000e+00
0.000000000000000000e+00
0.000000000000000000e+00
0.000000000000000000e+00
0.000000000000000000e+00
7.000000000000000666e-02
0.000000000000000000e+00
0.000000000000000000e+00
0.000000000000000000e+00
0.000000000000000000e+00
0.000000000000000000e+00
0.000000000000000000e+00
2.218749999999999889e-02
3.293749999999999734e-01
0.000000000000000000e+00
0.000000000000000000e+00
7.593750000000000500e-02
0.000000000000000000e+00
3.206249999999999933e-01
3.671875000000000000e-01
0.000000000000000000e+00
3.715625000000000178e-01
0.000000000000000000e+00
0.000000000000000000e+00
0.000000000000000000e+00
0.000000000000000000e+00
0.000000000000000000e+00
0.000000000000000000e+00
4.174999999999999822e-01
0.000000000000000000e+00
0.000000000000000000e+00
7.603124999999999467e-01
0.000000000000000000e+00
3.375000000000000222e-01
0.000000000000000000e+00
0.000000000000000000e+00
0.000000000000000000e+00
7.009374999999999911e-01
1.000000000000000056e-01
0.000000000000000000e+00
5.637499999999999734e-01
0.000000000000000000e+00
1.803124999999999867e-01
0.000000000000000000e+00
9.024999999999999689e-01
7.953124999999999778e-01
5.503124999999999822e-01
4.371875000000000067e-01
2.884375000000000133e-01
0.000000000000000000e+00
0.000000000000000000e+00
0.000000000000000000e+00
3.643750000000000044e-01
0.000000000000000000e+00
0.000000000000000000e+00
0.000000000000000000e+00
0.000000000000000000e+00
0.000000000000000000e+00
0.000000000000000000e+00
0.000000000000000000e+00
0.000000000000000000e+00
6.462499999999999911e-01
4.684375000000000067e-01
5.696875000000000133e-01
5.056249999999999911e-01
0.000000000000000000e+00
0.000000000000000000e+00
4.340625000000000178e-01
0.000000000000000000e+00
0.000000000000000000e+00
5.259374999999999467e-01
0.000000000000000000e+00
0.000000000000000000e+00
2.618750000000000244e-01
0.000000000000000000e+00
0.000000000000000000e+00
2.340625000000000067e-01
0.000000000000000000e+00
0.000000000000000000e+00
0.000000000000000000e+00
3.125000000000000065e-04
0.000000000000000000e+00
0.000000000000000000e+00
0.000000000000000000e+00
0.000000000000000000e+00
0.000000000000000000e+00
3.053124999999999867e-01
2.534374999999999822e-01
0.000000000000000000e+00
2.593749999999999875e-02
3.556250000000000244e-01
1.975000000000000089e-01
0.000000000000000000e+00
6.821874999999999467e-01
0.000000000000000000e+00
0.000000000000000000e+00
6.562500000000000278e-02
3.325000000000000178e-01
0.000000000000000000e+00
0.000000000000000000e+00
4.312499999999999667e-02
1.000000000000000000e+00
8.381250000000000089e-01
0.000000000000000000e+00
0.000000000000000000e+00
0.000000000000000000e+00
0.000000000000000000e+00
0.000000000000000000e+00
0.000000000000000000e+00
0.000000000000000000e+00
1.846875000000000044e-01
9.693749999999999867e-01
0.000000000000000000e+00
5.846875000000000266e-01
0.000000000000000000e+00
0.000000000000000000e+00
0.000000000000000000e+00
0.000000000000000000e+00
0.000000000000000000e+00
0.000000000000000000e+00
0.000000000000000000e+00
0.000000000000000000e+00
0.000000000000000000e+00
2.571875000000000133e-01
3.490624999999999978e-01
1.000000000000000000e+00
3.737500000000000266e-01
0.000000000000000000e+00
6.006249999999999645e-01
0.000000000000000000e+00
0.000000000000000000e+00
0.000000000000000000e+00
0.000000000000000000e+00
2.346874999999999933e-01
0.000000000000000000e+00
7.199999999999999734e-01
1.000000000000000000e+00
6.406250000000000000e-01
1.000000000000000000e+00
0.000000000000000000e+00
1.334374999999999867e-01
2.365625000000000089e-01
2.750000000000000222e-01
1.531249999999999972e-02
3.359375000000000000e-01
5.606250000000000400e-01
0.000000000000000000e+00
0.000000000000000000e+00
0.000000000000000000e+00
1.000000000000000000e+00
2.643750000000000266e-01
0.000000000000000000e+00
1.000000000000000000e+00
1.000000000000000000e+00
0.000000000000000000e+00
2.481250000000000122e-01
0.000000000000000000e+00
0.000000000000000000e+00
0.000000000000000000e+00
0.000000000000000000e+00
1.000000000000000000e+00
2.343750000000000000e-01
8.643750000000000044e-01
1.109374999999999944e-01
0.000000000000000000e+00
0.000000000000000000e+00
0.000000000000000000e+00
0.000000000000000000e+00
0.000000000000000000e+00
0.000000000000000000e+00
0.000000000000000000e+00
3.125000000000000173e-03
0.000000000000000000e+00
1.000000000000000000e+00
5.056249999999999911e-01
5.046874999999999556e-01
4.646874999999999756e-01
1.000000000000000000e+00
0.000000000000000000e+00
0.000000000000000000e+00
0.000000000000000000e+00
0.000000000000000000e+00
0.000000000000000000e+00
0.000000000000000000e+00
9.043750000000000400e-01
1.000000000000000000e+00
3.293749999999999734e-01
1.578124999999999944e-01
0.000000000000000000e+00
0.000000000000000000e+00
9.625000000000000222e-02
0.000000000000000000e+00
0.000000000000000000e+00
0.000000000000000000e+00
0.000000000000000000e+00
1.187499999999999944e-01
0.000000000000000000e+00
1.000000000000000000e+00
1.000000000000000000e+00
4.781250000000000083e-02
0.000000000000000000e+00
1.000000000000000000e+00
0.000000000000000000e+00
0.000000000000000000e+00
0.000000000000000000e+00
0.000000000000000000e+00
0.000000000000000000e+00
0.000000000000000000e+00
1.312499999999999951e-02
2.503124999999999933e-01
0.000000000000000000e+00
2.081250000000000044e-01
0.000000000000000000e+00
0.000000000000000000e+00
0.000000000000000000e+00
0.000000000000000000e+00
0.000000000000000000e+00
0.000000000000000000e+00
0.000000000000000000e+00
0.000000000000000000e+00
0.000000000000000000e+00
0.000000000000000000e+00
0.000000000000000000e+00
1.668749999999999956e-01
1.000000000000000000e+00
1.000000000000000000e+00
0.000000000000000000e+00
0.000000000000000000e+00
0.000000000000000000e+00
0.000000000000000000e+00
1.625000000000000056e-01
5.043750000000000178e-01
4.584374999999999978e-01
3.909374999999999933e-01
1.309375000000000122e-01
5.374999999999999917e-02
0.000000000000000000e+00
0.000000000000000000e+00
0.000000000000000000e+00
0.000000000000000000e+00
9.318750000000000089e-01
5.946875000000000355e-01
0.000000000000000000e+00
0.000000000000000000e+00
0.000000000000000000e+00
0.000000000000000000e+00
0.000000000000000000e+00
0.000000000000000000e+00
0.000000000000000000e+00
0.000000000000000000e+00
0.000000000000000000e+00
0.000000000000000000e+00
0.000000000000000000e+00
0.000000000000000000e+00
6.040624999999999467e-01
6.106249999999999734e-01
8.356249999999999512e-01
7.346875000000000488e-01
4.281250000000000333e-02
0.000000000000000000e+00
2.115624999999999867e-01
0.000000000000000000e+00
4.215625000000000067e-01
0.000000000000000000e+00
0.000000000000000000e+00
0.000000000000000000e+00
7.046875000000000222e-01
0.000000000000000000e+00
0.000000000000000000e+00
1.562500000000000087e-03
0.000000000000000000e+00
0.000000000000000000e+00
0.000000000000000000e+00
0.000000000000000000e+00
9.124999999999999778e-02
0.000000000000000000e+00
0.000000000000000000e+00
